tick_index,t_target_raw_s,t_receipt_raw_s,utc_anchor,gpu_index,gpu_uuid,status,util_gpu_pct,util_mem_pct,mem_used_mib,power_w,temp_c,clock_sm_mhz,clock_mem_mhz,pcie_tx_kbps,pcie_rx_kbps
-1,13857.417090697,13857.417299237,2026-08-25T00:38:16.870077+00:00,-1,anchor,anchor,,,,,,,,,
0,13857.417090697,13857.482461707,,0,GPU-9b96eb67-aeee-89d5-aa85-fc650af4e25c,ok,0,0,450,27.201,35,210,405,439,341
0,13857.417090697,13857.468760903,,1,GPU-37ffc98b-8551-c8a1-5f3c-27ade9ae735a,ok,0,0,450,15.446,31,210,405,439,292
0,13857.417090697,13857.470111593,,2,GPU-5443d59d-561f-ed1e-da42-1975937205f9,ok,0,0,450,27.196,36,210,405,439,292
0,13857.417090697,13857.483136787,,3,GPU-46bf67bb-cb31-bee1-3cf0-c35337ba97d2,ok,0,0,450,26.383,43,210,405,390,292
0,13857.417090697,13857.473975624,,4,GPU-127e16de-2b5f-dde9-1932-b4e29bb818c0,ok,0,0,450,89.746,52,255,810,390,292
1,13858.417090697,13858.417842916,,0,GPU-9b96eb67-aeee-89d5-aa85-fc650af4e25c,ok,0,0,450,27.201,35,210,405,439,292
1,13858.417090697,13858.420244766,,1,GPU-37ffc98b-8551-c8a1-5f3c-27ade9ae735a,ok,0,0,450,15.446,31,210,405,537,292
1,13858.417090697,13858.417931206,,2,GPU-5443d59d-561f-ed1e-da42-1975937205f9,ok,0,0,450,27.196,36,210,405,390,292
1,13858.417090697,13858.418031176,,3,GPU-46bf67bb-cb31-bee1-3cf0-c35337ba97d2,ok,0,0,450,26.383,43,210,405,439,292
1,13858.417090697,13858.417993826,,4,GPU-127e16de-2b5f-dde9-1932-b4e29bb818c0,ok,0,0,450,89.746,52,255,810,488,292
2,13859.417090697,13859.417809004,,0,GPU-9b96eb67-aeee-89d5-aa85-fc650af4e25c,ok,0,0,450,26.774,35,210,405,390,292
2,13859.417090697,13859.418014144,,1,GPU-37ffc98b-8551-c8a1-5f3c-27ade9ae735a,ok,0,0,450,15.071,31,210,405,488,292
2,13859.417090697,13859.419199104,,2,GPU-5443d59d-561f-ed1e-da42-1975937205f9,ok,0,0,450,27.197,36,210,405,439,292
2,13859.417090697,13859.417891934,,3,GPU-46bf67bb-cb31-bee1-3cf0-c35337ba97d2,ok,0,0,450,26.168,43,210,405,439,292
2,13859.417090697,13859.418561634,,4,GPU-127e16de-2b5f-dde9-1932-b4e29bb818c0,ok,0,0,450,42.701,50,210,810,488,341
3,13860.417090697,13860.417958482,,0,GPU-9b96eb67-aeee-89d5-aa85-fc650af4e25c,ok,0,0,450,26.661,35,210,405,439,341
3,13860.417090697,13860.417847292,,1,GPU-37ffc98b-8551-c8a1-5f3c-27ade9ae735a,ok,0,0,450,15.051,31,210,405,537,292
3,13860.417090697,13860.418016142,,2,GPU-5443d59d-561f-ed1e-da42-1975937205f9,ok,0,0,450,27.208,36,210,405,439,341
3,13860.417090697,13860.418069292,,3,GPU-46bf67bb-cb31-bee1-3cf0-c35337ba97d2,ok,0,0,450,26.178,43,210,405,439,292
3,13860.417090697,13860.418560392,,4,GPU-127e16de-2b5f-dde9-1932-b4e29bb818c0,ok,0,0,450,31.892,48,210,405,537,341
4,13861.417090697,13861.4179414,,0,GPU-9b96eb67-aeee-89d5-aa85-fc650af4e25c,ok,0,0,450,26.774,35,210,405,488,341
4,13861.417090697,13861.41787294,,1,GPU-37ffc98b-8551-c8a1-5f3c-27ade9ae735a,ok,0,0,450,15.194,31,210,405,537,292
4,13861.417090697,13861.41792092,,2,GPU-5443d59d-561f-ed1e-da42-1975937205f9,ok,0,0,450,27.143,36,210,405,439,292
4,13861.417090697,13861.41781324,,3,GPU-46bf67bb-cb31-bee1-3cf0-c35337ba97d2,ok,0,0,450,26.35,43,210,405,439,292
4,13861.417090697,13861.41767698,,4,GPU-127e16de-2b5f-dde9-1932-b4e29bb818c0,ok,0,0,450,29.615,46,210,405,439,341
5,13862.417090697,13862.417819018,,0,GPU-9b96eb67-aeee-89d5-aa85-fc650af4e25c,ok,0,0,453,28.964,35,210,405,439,292
5,13862.417090697,13862.417862278,,1,GPU-37ffc98b-8551-c8a1-5f3c-27ade9ae735a,ok,0,0,453,16.326,31,210,405,537,292
5,13862.417090697,13862.419231258,,2,GPU-5443d59d-561f-ed1e-da42-1975937205f9,ok,0,0,453,27.485,36,210,405,390,341
5,13862.417090697,13862.417965508,,3,GPU-46bf67bb-cb31-bee1-3cf0-c35337ba97d2,ok,0,0,453,26.447,43,210,405,439,341
5,13862.417090697,13862.417788688,,4,GPU-127e16de-2b5f-dde9-1932-b4e29bb818c0,ok,0,0,1514,28.476,45,210,405,5712,12646
6,13863.417090697,13863.417819446,,0,GPU-9b96eb67-aeee-89d5-aa85-fc650af4e25c,ok,0,0,453,38.31,35,210,405,439,292
6,13863.417090697,13863.417880366,,1,GPU-37ffc98b-8551-c8a1-5f3c-27ade9ae735a,ok,0,0,453,24.794,31,210,405,537,341
6,13863.417090697,13863.417982056,,2,GPU-5443d59d-561f-ed1e-da42-1975937205f9,ok,0,0,453,34.988,37,210,405,439,292
6,13863.417090697,13863.419090756,,3,GPU-46bf67bb-cb31-bee1-3cf0-c35337ba97d2,ok,0,0,453,36.008,44,210,405,439,341
6,13863.417090697,13863.418549716,,4,GPU-127e16de-2b5f-dde9-1932-b4e29bb818c0,ok,100,34,1514,179.793,73,1530,9501,6445,8593
7,13864.417090697,13864.417888694,,0,GPU-9b96eb67-aeee-89d5-aa85-fc650af4e25c,ok,0,0,453,38.311,35,210,405,439,341
7,13864.417090697,13864.417710904,,1,GPU-37ffc98b-8551-c8a1-5f3c-27ade9ae735a,ok,0,0,453,24.756,31,210,405,488,341
7,13864.417090697,13864.417995454,,2,GPU-5443d59d-561f-ed1e-da42-1975937205f9,ok,0,0,453,34.896,37,210,405,439,292
7,13864.417090697,13864.419375434,,3,GPU-46bf67bb-cb31-bee1-3cf0-c35337ba97d2,ok,0,0,453,41.927,44,210,405,439,292
7,13864.417090697,13864.417777894,,4,GPU-127e16de-2b5f-dde9-1932-b4e29bb818c0,ok,100,11,1514,339.59,77,1200,9501,2539,6445
8,13865.417090697,13865.417973682,,0,GPU-9b96eb67-aeee-89d5-aa85-fc650af4e25c,ok,0,0,453,28.248,35,210,405,439,341
8,13865.417090697,13865.418053002,,1,GPU-37ffc98b-8551-c8a1-5f3c-27ade9ae735a,ok,0,0,453,16.23,31,210,405,537,341
8,13865.417090697,13865.418018292,,2,GPU-5443d59d-561f-ed1e-da42-1975937205f9,ok,0,0,453,28.451,36,210,405,439,292
8,13865.417090697,13865.418100302,,3,GPU-46bf67bb-cb31-bee1-3cf0-c35337ba97d2,ok,0,0,453,28.421,44,210,405,390,292
8,13865.417090697,13865.417884722,,4,GPU-127e16de-2b5f-dde9-1932-b4e29bb818c0,ok,100,11,1514,271.395,76,1290,9501,2294,5859
9,13866.417090697,13866.41811125,,0,GPU-9b96eb67-aeee-89d5-aa85-fc650af4e25c,ok,0,0,453,27.1,35,210,405,439,292
9,13866.417090697,13866.41802023,,1,GPU-37ffc98b-8551-c8a1-5f3c-27ade9ae735a,ok,0,0,453,15.186,31,210,405,537,292
9,13866.417090697,13866.41772621,,2,GPU-5443d59d-561f-ed1e-da42-1975937205f9,ok,0,0,453,27.498,36,210,405,439,292
9,13866.417090697,13866.41806076,,3,GPU-46bf67bb-cb31-bee1-3cf0-c35337ba97d2,ok,0,0,453,26.757,43,210,405,439,292
9,13866.417090697,13866.4175438,,4,GPU-127e16de-2b5f-dde9-1932-b4e29bb818c0,ok,100,10,1514,262.296,76,1170,9501,2392,5322
10,13867.417090697,13867.418618448,,0,GPU-9b96eb67-aeee-89d5-aa85-fc650af4e25c,ok,0,0,453,26.84,35,210,405,439,292
10,13867.417090697,13867.418566878,,1,GPU-37ffc98b-8551-c8a1-5f3c-27ade9ae735a,ok,0,0,453,14.905,31,210,405,537,292
10,13867.417090697,13867.418643838,,2,GPU-5443d59d-561f-ed1e-da42-1975937205f9,ok,0,0,453,27.04,36,210,405,439,341
10,13867.417090697,13867.417612528,,3,GPU-46bf67bb-cb31-bee1-3cf0-c35337ba97d2,ok,0,0,453,26.219,43,210,405,439,341
10,13867.417090697,13867.417539028,,4,GPU-127e16de-2b5f-dde9-1932-b4e29bb818c0,ok,100,9,1514,254.009,77,1065,9501,2099,5126
11,13868.417090697,13868.418029966,,0,GPU-9b96eb67-aeee-89d5-aa85-fc650af4e25c,ok,0,0,453,26.848,35,210,405,439,341
11,13868.417090697,13868.418805306,,1,GPU-37ffc98b-8551-c8a1-5f3c-27ade9ae735a,ok,0,0,453,14.933,31,210,405,488,292
11,13868.417090697,13868.417772416,,2,GPU-5443d59d-561f-ed1e-da42-1975937205f9,ok,0,0,453,27.013,36,210,405,390,292
11,13868.417090697,13868.417993876,,3,GPU-46bf67bb-cb31-bee1-3cf0-c35337ba97d2,ok,0,0,453,26.147,43,210,405,439,341
11,13868.417090697,13868.417829576,,4,GPU-127e16de-2b5f-dde9-1932-b4e29bb818c0,ok,100,9,1514,244.013,76,1065,9501,2148,4931
12,13869.417090697,13869.418515564,,0,GPU-9b96eb67-aeee-89d5-aa85-fc650af4e25c,ok,0,0,453,26.922,35,210,405,439,292
12,13869.417090697,13869.417869864,,1,GPU-37ffc98b-8551-c8a1-5f3c-27ade9ae735a,ok,0,0,453,15.054,31,210,405,488,341
12,13869.417090697,13869.417920064,,2,GPU-5443d59d-561f-ed1e-da42-1975937205f9,ok,0,0,453,27.147,36,210,405,390,292
12,13869.417090697,13869.417714814,,3,GPU-46bf67bb-cb31-bee1-3cf0-c35337ba97d2,ok,0,0,453,26.352,43,210,405,439,341
12,13869.417090697,13869.418472724,,4,GPU-127e16de-2b5f-dde9-1932-b4e29bb818c0,ok,100,9,1514,243.898,77,1065,9501,2246,4833
13,13870.417090697,13870.418121852,,0,GPU-9b96eb67-aeee-89d5-aa85-fc650af4e25c,ok,0,0,453,26.786,35,210,405,439,292
13,13870.417090697,13870.417890852,,1,GPU-37ffc98b-8551-c8a1-5f3c-27ade9ae735a,ok,0,0,453,14.879,31,210,405,537,292
13,13870.417090697,13870.417994892,,2,GPU-5443d59d-561f-ed1e-da42-1975937205f9,ok,0,0,453,27.094,36,210,405,439,341
13,13870.417090697,13870.418602232,,3,GPU-46bf67bb-cb31-bee1-3cf0-c35337ba97d2,ok,0,0,453,26.235,43,210,405,439,341
13,13870.417090697,13870.418152042,,4,GPU-127e16de-2b5f-dde9-1932-b4e29bb818c0,ok,100,8,1514,238.188,76,1020,9501,2148,4931
14,13871.417090697,13871.41805134,,0,GPU-9b96eb67-aeee-89d5-aa85-fc650af4e25c,ok,0,0,453,26.908,35,210,405,439,292
14,13871.417090697,13871.41807766,,1,GPU-37ffc98b-8551-c8a1-5f3c-27ade9ae735a,ok,0,0,453,14.961,31,210,405,488,341
14,13871.417090697,13871.4181406,,2,GPU-5443d59d-561f-ed1e-da42-1975937205f9,ok,0,0,453,27.113,36,210,405,390,292
14,13871.417090697,13871.41794106,,3,GPU-46bf67bb-cb31-bee1-3cf0-c35337ba97d2,ok,0,0,453,26.283,43,210,405,439,292
14,13871.417090697,13871.41749571,,4,GPU-127e16de-2b5f-dde9-1932-b4e29bb818c0,ok,100,9,1514,237.52,77,1020,9501,2050,4687
15,13872.417090697,13872.418414368,,0,GPU-9b96eb67-aeee-89d5-aa85-fc650af4e25c,ok,0,0,453,27.035,35,210,405,390,292
15,13872.417090697,13872.417839748,,1,GPU-37ffc98b-8551-c8a1-5f3c-27ade9ae735a,ok,0,0,453,15.156,31,210,405,488,341
15,13872.417090697,13872.417678388,,2,GPU-5443d59d-561f-ed1e-da42-1975937205f9,ok,0,0,453,27.167,36,210,405,439,292
15,13872.417090697,13872.417942728,,3,GPU-46bf67bb-cb31-bee1-3cf0-c35337ba97d2,ok,0,0,453,26.48,43,210,405,439,292
15,13872.417090697,13872.419050998,,4,GPU-127e16de-2b5f-dde9-1932-b4e29bb818c0,ok,100,9,1514,237.216,77,1020,9501,2099,4638
16,13873.417090697,13873.417685276,,0,GPU-9b96eb67-aeee-89d5-aa85-fc650af4e25c,ok,0,0,453,26.827,35,210,405,390,341
16,13873.417090697,13873.418001036,,1,GPU-37ffc98b-8551-c8a1-5f3c-27ade9ae735a,ok,0,0,453,14.969,31,210,405,537,292
16,13873.417090697,13873.418624386,,2,GPU-5443d59d-561f-ed1e-da42-1975937205f9,ok,0,0,453,27.185,36,210,405,439,292
16,13873.417090697,13873.418038086,,3,GPU-46bf67bb-cb31-bee1-3cf0-c35337ba97d2,ok,0,0,453,26.298,43,210,405,390,292
16,13873.417090697,13873.417555336,,4,GPU-127e16de-2b5f-dde9-1932-b4e29bb818c0,ok,100,8,1514,232.891,76,1005,9501,2148,4882
17,13874.417090697,13874.417590434,,0,GPU-9b96eb67-aeee-89d5-aa85-fc650af4e25c,ok,0,0,453,26.847,35,210,405,390,292
17,13874.417090697,13874.417816674,,1,GPU-37ffc98b-8551-c8a1-5f3c-27ade9ae735a,ok,0,0,453,14.974,31,210,405,537,292
17,13874.417090697,13874.418300414,,2,GPU-5443d59d-561f-ed1e-da42-1975937205f9,ok,0,0,453,27.194,36,210,405,439,341
17,13874.417090697,13874.419245794,,3,GPU-46bf67bb-cb31-bee1-3cf0-c35337ba97d2,ok,0,0,453,26.257,43,210,405,439,292
17,13874.417090697,13874.417841114,,4,GPU-127e16de-2b5f-dde9-1932-b4e29bb818c0,ok,100,8,1514,235.827,77,1005,9501,2099,4736
18,13875.417090697,13875.417752952,,0,GPU-9b96eb67-aeee-89d5-aa85-fc650af4e25c,ok,0,0,453,27.013,35,210,405,439,292
18,13875.417090697,13875.418468922,,1,GPU-37ffc98b-8551-c8a1-5f3c-27ade9ae735a,ok,0,0,453,15.038,31,210,405,537,292
18,13875.417090697,13875.417945262,,2,GPU-5443d59d-561f-ed1e-da42-1975937205f9,ok,0,0,453,27.296,36,210,405,439,292
18,13875.417090697,13875.417886842,,3,GPU-46bf67bb-cb31-bee1-3cf0-c35337ba97d2,ok,0,0,453,26.418,43,210,405,439,292
18,13875.417090697,13875.417983022,,4,GPU-127e16de-2b5f-dde9-1932-b4e29bb818c0,ok,100,8,1514,233.278,76,960,9501,2001,4541
19,13876.417090697,13876.41802765,,0,GPU-9b96eb67-aeee-89d5-aa85-fc650af4e25c,ok,0,0,453,26.912,35,210,405,439,292
19,13876.417090697,13876.41778951,,1,GPU-37ffc98b-8551-c8a1-5f3c-27ade9ae735a,ok,0,0,453,14.888,31,210,405,537,292
19,13876.417090697,13876.41867141,,2,GPU-5443d59d-561f-ed1e-da42-1975937205f9,ok,0,0,453,27.209,36,210,405,439,292
19,13876.417090697,13876.41808076,,3,GPU-46bf67bb-cb31-bee1-3cf0-c35337ba97d2,ok,0,0,453,26.329,43,210,405,390,292
19,13876.417090697,13876.41761303,,4,GPU-127e16de-2b5f-dde9-1932-b4e29bb818c0,ok,100,8,1514,231.859,76,960,9501,2001,4687
20,13877.417090697,13877.418091878,,0,GPU-9b96eb67-aeee-89d5-aa85-fc650af4e25c,ok,0,0,453,26.856,35,210,405,439,292
20,13877.417090697,13877.418000508,,1,GPU-37ffc98b-8551-c8a1-5f3c-27ade9ae735a,ok,0,0,453,14.897,31,210,405,537,292
20,13877.417090697,13877.418039678,,2,GPU-5443d59d-561f-ed1e-da42-1975937205f9,ok,0,0,453,27.061,36,210,405,390,292
20,13877.417090697,13877.417730558,,3,GPU-46bf67bb-cb31-bee1-3cf0-c35337ba97d2,ok,0,0,453,26.329,43,210,405,390,341
20,13877.417090697,13877.417539878,,4,GPU-127e16de-2b5f-dde9-1932-b4e29bb818c0,ok,100,8,1514,231.752,76,960,9501,2099,4736
21,13878.417090697,13878.417839026,,0,GPU-9b96eb67-aeee-89d5-aa85-fc650af4e25c,ok,0,0,453,26.948,35,210,405,439,341
21,13878.417090697,13878.418453436,,1,GPU-37ffc98b-8551-c8a1-5f3c-27ade9ae735a,ok,0,0,453,14.973,31,210,405,488,292
21,13878.417090697,13878.417708826,,2,GPU-5443d59d-561f-ed1e-da42-1975937205f9,ok,0,0,453,27.117,36,210,405,390,341
21,13878.417090697,13878.417907566,,3,GPU-46bf67bb-cb31-bee1-3cf0-c35337ba97d2,ok,0,0,453,26.434,43,210,405,439,292
21,13878.417090697,13878.417932726,,4,GPU-127e16de-2b5f-dde9-1932-b4e29bb818c0,ok,100,8,1514,234.002,77,1005,9501,2050,4736
22,13879.417090697,13879.417888054,,0,GPU-9b96eb67-aeee-89d5-aa85-fc650af4e25c,ok,0,0,453,26.832,35,210,405,439,292
22,13879.417090697,13879.420028865,,1,GPU-37ffc98b-8551-c8a1-5f3c-27ade9ae735a,ok,0,0,453,14.843,31,210,405,537,292
22,13879.417090697,13879.417747394,,2,GPU-5443d59d-561f-ed1e-da42-1975937205f9,ok,0,0,453,27.131,36,210,405,390,292
22,13879.417090697,13879.417922424,,3,GPU-46bf67bb-cb31-bee1-3cf0-c35337ba97d2,ok,0,0,453,26.272,43,210,405,390,341
22,13879.417090697,13879.417948384,,4,GPU-127e16de-2b5f-dde9-1932-b4e29bb818c0,ok,100,8,1514,233.765,76,960,9501,2050,4736
23,13880.417090697,13880.417673942,,0,GPU-9b96eb67-aeee-89d5-aa85-fc650af4e25c,ok,0,0,453,26.781,35,210,405,439,341
23,13880.417090697,13880.417950232,,1,GPU-37ffc98b-8551-c8a1-5f3c-27ade9ae735a,ok,0,0,453,14.809,31,210,405,537,341
23,13880.417090697,13880.418501492,,2,GPU-5443d59d-561f-ed1e-da42-1975937205f9,ok,0,0,453,27.19,36,210,405,390,292
23,13880.417090697,13880.418010572,,3,GPU-46bf67bb-cb31-bee1-3cf0-c35337ba97d2,ok,0,0,453,26.302,43,210,405,439,341
23,13880.417090697,13880.417548922,,4,GPU-127e16de-2b5f-dde9-1932-b4e29bb818c0,ok,100,8,1514,232.291,76,960,9501,2050,4638
24,13881.417090697,13881.41780615,,0,GPU-9b96eb67-aeee-89d5-aa85-fc650af4e25c,ok,0,0,453,26.883,35,210,405,439,341
24,13881.417090697,13881.41783955,,1,GPU-37ffc98b-8551-c8a1-5f3c-27ade9ae735a,ok,0,0,453,14.976,31,210,405,537,341
24,13881.417090697,13881.4179994,,2,GPU-5443d59d-561f-ed1e-da42-1975937205f9,ok,0,0,453,27.207,36,210,405,390,341
24,13881.417090697,13881.41795545,,3,GPU-46bf67bb-cb31-bee1-3cf0-c35337ba97d2,ok,0,0,453,26.461,43,210,405,439,341
24,13881.417090697,13881.41774205,,4,GPU-127e16de-2b5f-dde9-1932-b4e29bb818c0,ok,100,8,1514,231.675,76,945,9501,1953,4785
25,13882.417090697,13882.418019628,,0,GPU-9b96eb67-aeee-89d5-aa85-fc650af4e25c,ok,0,0,453,26.775,35,210,405,439,292
25,13882.417090697,13882.418062928,,1,GPU-37ffc98b-8551-c8a1-5f3c-27ade9ae735a,ok,0,0,453,14.822,31,210,405,488,341
25,13882.417090697,13882.417838048,,2,GPU-5443d59d-561f-ed1e-da42-1975937205f9,ok,0,0,453,27.02,36,210,405,439,292
25,13882.417090697,13882.418114298,,3,GPU-46bf67bb-cb31-bee1-3cf0-c35337ba97d2,ok,0,0,453,26.293,43,210,405,439,292
25,13882.417090697,13882.417988148,,4,GPU-127e16de-2b5f-dde9-1932-b4e29bb818c0,ok,100,8,1514,230.834,76,945,9501,1953,4931
26,13883.417090697,13883.419255867,,0,GPU-9b96eb67-aeee-89d5-aa85-fc650af4e25c,ok,0,0,453,26.716,35,210,405,439,292
26,13883.417090697,13883.417735926,,1,GPU-37ffc98b-8551-c8a1-5f3c-27ade9ae735a,ok,0,0,453,14.692,31,210,405,488,292
26,13883.417090697,13883.419229677,,2,GPU-5443d59d-561f-ed1e-da42-1975937205f9,ok,0,0,453,26.926,36,210,405,439,292
26,13883.417090697,13883.417697076,,3,GPU-46bf67bb-cb31-bee1-3cf0-c35337ba97d2,ok,0,0,453,26.319,43,210,405,390,292
26,13883.417090697,13883.417556086,,4,GPU-127e16de-2b5f-dde9-1932-b4e29bb818c0,ok,100,9,1514,232.981,77,1005,9501,2001,4443
27,13884.417090697,13884.417976744,,0,GPU-9b96eb67-aeee-89d5-aa85-fc650af4e25c,ok,0,0,453,26.803,35,210,405,390,292
27,13884.417090697,13884.417743644,,1,GPU-37ffc98b-8551-c8a1-5f3c-27ade9ae735a,ok,0,0,453,14.836,31,210,405,488,292
27,13884.417090697,13884.417770114,,2,GPU-5443d59d-561f-ed1e-da42-1975937205f9,ok,0,0,453,27.138,36,210,405,390,292
27,13884.417090697,13884.419074335,,3,GPU-46bf67bb-cb31-bee1-3cf0-c35337ba97d2,ok,0,0,453,26.443,43,210,405,439,292
27,13884.417090697,13884.418011424,,4,GPU-127e16de-2b5f-dde9-1932-b4e29bb818c0,ok,100,8,1514,231.543,76,945,9501,2050,4394
28,13885.417090697,13885.417914522,,0,GPU-9b96eb67-aeee-89d5-aa85-fc650af4e25c,ok,0,0,453,26.804,35,210,405,439,292
28,13885.417090697,13885.417766882,,1,GPU-37ffc98b-8551-c8a1-5f3c-27ade9ae735a,ok,0,0,453,14.762,31,210,405,537,292
28,13885.417090697,13885.417960652,,2,GPU-5443d59d-561f-ed1e-da42-1975937205f9,ok,0,0,453,27.012,36,210,405,439,341
28,13885.417090697,13885.418002702,,3,GPU-46bf67bb-cb31-bee1-3cf0-c35337ba97d2,ok,0,0,453,26.208,43,210,405,439,292
28,13885.417090697,13885.418027692,,4,GPU-127e16de-2b5f-dde9-1932-b4e29bb818c0,ok,100,8,1514,231.827,77,990,9501,2246,4589
29,13886.417090697,13886.41794478,,0,GPU-9b96eb67-aeee-89d5-aa85-fc650af4e25c,ok,0,0,453,26.846,35,210,405,439,341
29,13886.417090697,13886.41803623,,1,GPU-37ffc98b-8551-c8a1-5f3c-27ade9ae735a,ok,0,0,453,14.794,31,210,405,537,292
29,13886.417090697,13886.41797197,,2,GPU-5443d59d-561f-ed1e-da42-1975937205f9,ok,0,0,453,26.929,36,210,405,439,341
29,13886.417090697,13886.4177626,,3,GPU-46bf67bb-cb31-bee1-3cf0-c35337ba97d2,ok,0,0,453,26.17,43,210,405,439,341
29,13886.417090697,13886.41788766,,4,GPU-127e16de-2b5f-dde9-1932-b4e29bb818c0,ok,100,8,1514,232.692,76,930,9501,2050,4638
30,13887.417090697,13887.417676648,,0,GPU-9b96eb67-aeee-89d5-aa85-fc650af4e25c,ok,0,0,453,26.858,35,210,405,439,292
30,13887.417090697,13887.417850818,,1,GPU-37ffc98b-8551-c8a1-5f3c-27ade9ae735a,ok,0,0,453,14.884,31,210,405,537,292
30,13887.417090697,13887.418794869,,2,GPU-5443d59d-561f-ed1e-da42-1975937205f9,ok,0,0,453,27.118,36,210,405,439,292
30,13887.417090697,13887.418756479,,3,GPU-46bf67bb-cb31-bee1-3cf0-c35337ba97d2,ok,0,0,453,26.301,43,210,405,390,341
30,13887.417090697,13887.417713818,,4,GPU-127e16de-2b5f-dde9-1932-b4e29bb818c0,ok,100,8,1514,230.043,76,975,9501,2099,4882
31,13888.417090697,13888.417996556,,0,GPU-9b96eb67-aeee-89d5-aa85-fc650af4e25c,ok,0,0,453,26.623,35,210,405,439,292
31,13888.417090697,13888.417947386,,1,GPU-37ffc98b-8551-c8a1-5f3c-27ade9ae735a,ok,0,0,453,14.682,31,210,405,488,292
31,13888.417090697,13888.417736086,,2,GPU-5443d59d-561f-ed1e-da42-1975937205f9,ok,0,0,453,26.989,36,210,405,439,292
31,13888.417090697,13888.417981186,,3,GPU-46bf67bb-cb31-bee1-3cf0-c35337ba97d2,ok,0,0,453,26.107,43,210,405,439,292
31,13888.417090697,13888.417690976,,4,GPU-127e16de-2b5f-dde9-1932-b4e29bb818c0,ok,100,8,1514,233.048,76,915,9501,2001,4443
32,13889.417090697,13889.417951304,,0,GPU-9b96eb67-aeee-89d5-aa85-fc650af4e25c,ok,0,0,453,26.658,35,210,405,439,292
32,13889.417090697,13889.417791094,,1,GPU-37ffc98b-8551-c8a1-5f3c-27ade9ae735a,ok,0,0,453,14.762,31,210,405,537,292
32,13889.417090697,13889.417837594,,2,GPU-5443d59d-561f-ed1e-da42-1975937205f9,ok,0,0,453,27.016,36,210,405,390,292
32,13889.417090697,13889.419392855,,3,GPU-46bf67bb-cb31-bee1-3cf0-c35337ba97d2,ok,0,0,453,26.169,43,210,405,439,341
32,13889.417090697,13889.417747284,,4,GPU-127e16de-2b5f-dde9-1932-b4e29bb818c0,ok,100,8,1514,229.279,76,930,9501,2001,4687
33,13890.417090697,13890.417814882,,0,GPU-9b96eb67-aeee-89d5-aa85-fc650af4e25c,ok,0,0,453,26.856,35,210,405,439,341
33,13890.417090697,13890.418088482,,1,GPU-37ffc98b-8551-c8a1-5f3c-27ade9ae735a,ok,0,0,453,14.911,31,210,405,537,292
33,13890.417090697,13890.417833912,,2,GPU-5443d59d-561f-ed1e-da42-1975937205f9,ok,0,0,453,27.082,36,210,405,390,341
33,13890.417090697,13890.418128522,,3,GPU-46bf67bb-cb31-bee1-3cf0-c35337ba97d2,ok,0,0,453,26.383,43,210,405,390,341
33,13890.417090697,13890.417621992,,4,GPU-127e16de-2b5f-dde9-1932-b4e29bb818c0,ok,100,8,1514,231.673,77,975,9501,1904,4443
34,13891.417090697,13891.41772901,,0,GPU-9b96eb67-aeee-89d5-aa85-fc650af4e25c,ok,0,0,453,26.754,35,210,405,390,292
34,13891.417090697,13891.41777124,,1,GPU-37ffc98b-8551-c8a1-5f3c-27ade9ae735a,ok,0,0,453,14.779,31,210,405,488,292
34,13891.417090697,13891.41798588,,2,GPU-5443d59d-561f-ed1e-da42-1975937205f9,ok,0,0,453,26.929,36,210,405,390,292
34,13891.417090697,13891.41796578,,3,GPU-46bf67bb-cb31-bee1-3cf0-c35337ba97d2,ok,0,0,453,26.192,43,210,405,439,292
34,13891.417090697,13891.419059771,,4,GPU-127e16de-2b5f-dde9-1932-b4e29bb818c0,ok,100,8,1514,228.376,76,915,9501,2099,4443
35,13892.417090697,13892.417932238,,0,GPU-9b96eb67-aeee-89d5-aa85-fc650af4e25c,ok,0,0,453,26.741,35,210,405,390,292
35,13892.417090697,13892.417964458,,1,GPU-37ffc98b-8551-c8a1-5f3c-27ade9ae735a,ok,0,0,453,14.755,31,210,405,537,292
35,13892.417090697,13892.418522589,,2,GPU-5443d59d-561f-ed1e-da42-1975937205f9,ok,0,0,453,26.992,36,210,405,390,292
35,13892.417090697,13892.417739388,,3,GPU-46bf67bb-cb31-bee1-3cf0-c35337ba97d2,ok,0,0,453,26.201,43,210,405,439,292
35,13892.417090697,13892.418459289,,4,GPU-127e16de-2b5f-dde9-1932-b4e29bb818c0,ok,100,9,1514,229.594,77,1005,9501,2099,4785
36,13893.417090697,13893.417667896,,0,GPU-9b96eb67-aeee-89d5-aa85-fc650af4e25c,ok,0,0,453,26.846,35,210,405,390,292
36,13893.417090697,13893.417846996,,1,GPU-37ffc98b-8551-c8a1-5f3c-27ade9ae735a,ok,0,0,453,14.832,31,210,405,537,292
36,13893.417090697,13893.417976036,,2,GPU-5443d59d-561f-ed1e-da42-1975937205f9,ok,0,0,453,27.19,36,210,405,390,341
36,13893.417090697,13893.418014596,,3,GPU-46bf67bb-cb31-bee1-3cf0-c35337ba97d2,ok,0,0,453,26.321,43,210,405,390,292
36,13893.417090697,13893.417810016,,4,GPU-127e16de-2b5f-dde9-1932-b4e29bb818c0,ok,100,8,1514,234.415,77,945,9501,1953,4687
37,13894.417090697,13894.417768574,,0,GPU-9b96eb67-aeee-89d5-aa85-fc650af4e25c,ok,0,0,453,26.841,35,210,405,390,292
37,13894.417090697,13894.418042135,,1,GPU-37ffc98b-8551-c8a1-5f3c-27ade9ae735a,ok,0,0,453,14.734,31,210,405,537,292
37,13894.417090697,13894.418075075,,2,GPU-5443d59d-561f-ed1e-da42-1975937205f9,ok,0,0,453,27.187,36,210,405,390,292
37,13894.417090697,13894.418004805,,3,GPU-46bf67bb-cb31-bee1-3cf0-c35337ba97d2,ok,0,0,453,26.144,43,210,405,439,292
37,13894.417090697,13894.417967145,,4,GPU-127e16de-2b5f-dde9-1932-b4e29bb818c0,ok,100,8,1514,231.783,76,945,9501,2099,4638
38,13895.417090697,13895.417786992,,0,GPU-9b96eb67-aeee-89d5-aa85-fc650af4e25c,ok,0,0,453,26.936,35,210,405,439,292
38,13895.417090697,13895.418019573,,1,GPU-37ffc98b-8551-c8a1-5f3c-27ade9ae735a,ok,0,0,453,14.575,31,210,405,537,292
38,13895.417090697,13895.417852302,,2,GPU-5443d59d-561f-ed1e-da42-1975937205f9,ok,0,0,453,27.162,36,210,405,390,292
38,13895.417090697,13895.417981043,,3,GPU-46bf67bb-cb31-bee1-3cf0-c35337ba97d2,ok,0,0,453,26.118,43,210,405,439,292
38,13895.417090697,13895.417813512,,4,GPU-127e16de-2b5f-dde9-1932-b4e29bb818c0,ok,100,8,1514,231.231,76,945,9501,2099,4589
39,13896.417090697,13896.417985581,,0,GPU-9b96eb67-aeee-89d5-aa85-fc650af4e25c,ok,0,0,453,27.063,35,210,405,439,292
39,13896.417090697,13896.418011981,,1,GPU-37ffc98b-8551-c8a1-5f3c-27ade9ae735a,ok,0,0,453,14.665,31,210,405,488,292
39,13896.417090697,13896.418038591,,2,GPU-5443d59d-561f-ed1e-da42-1975937205f9,ok,0,0,453,27.164,36,210,405,390,292
39,13896.417090697,13896.41770815,,3,GPU-46bf67bb-cb31-bee1-3cf0-c35337ba97d2,ok,0,0,453,26.309,43,210,405,439,341
39,13896.417090697,13896.417811101,,4,GPU-127e16de-2b5f-dde9-1932-b4e29bb818c0,ok,100,8,1514,231.277,77,945,9501,2001,4638
40,13897.417090697,13897.418056929,,0,GPU-9b96eb67-aeee-89d5-aa85-fc650af4e25c,ok,0,0,453,26.949,35,210,405,439,292
40,13897.417090697,13897.417844949,,1,GPU-37ffc98b-8551-c8a1-5f3c-27ade9ae735a,ok,0,0,453,14.713,31,210,405,488,341
40,13897.417090697,13897.417748819,,2,GPU-5443d59d-561f-ed1e-da42-1975937205f9,ok,0,0,453,27.222,36,210,405,390,292
40,13897.417090697,13897.418595179,,3,GPU-46bf67bb-cb31-bee1-3cf0-c35337ba97d2,ok,0,0,453,26.208,43,210,405,439,292
40,13897.417090697,13897.417651488,,4,GPU-127e16de-2b5f-dde9-1932-b4e29bb818c0,ok,100,8,1514,231.411,77,945,9501,1953,4443
41,13898.417090697,13898.417819577,,0,GPU-9b96eb67-aeee-89d5-aa85-fc650af4e25c,ok,0,0,453,26.89,35,210,405,439,292
41,13898.417090697,13898.417910507,,1,GPU-37ffc98b-8551-c8a1-5f3c-27ade9ae735a,ok,0,0,453,14.806,31,210,405,537,341
41,13898.417090697,13898.417758107,,2,GPU-5443d59d-561f-ed1e-da42-1975937205f9,ok,0,0,453,27.302,36,210,405,390,292
41,13898.417090697,13898.419214547,,3,GPU-46bf67bb-cb31-bee1-3cf0-c35337ba97d2,ok,0,0,453,26.213,43,210,405,439,292
41,13898.417090697,13898.417639907,,4,GPU-127e16de-2b5f-dde9-1932-b4e29bb818c0,ok,100,8,1514,231.468,76,945,9501,1953,4345
42,13899.417090697,13899.417975935,,0,GPU-9b96eb67-aeee-89d5-aa85-fc650af4e25c,ok,0,0,453,26.952,35,210,405,390,292
42,13899.417090697,13899.418072765,,1,GPU-37ffc98b-8551-c8a1-5f3c-27ade9ae735a,ok,0,0,453,14.827,31,210,405,537,341
42,13899.417090697,13899.418010555,,2,GPU-5443d59d-561f-ed1e-da42-1975937205f9,ok,0,0,453,27.092,36,210,405,390,341
42,13899.417090697,13899.418111845,,3,GPU-46bf67bb-cb31-bee1-3cf0-c35337ba97d2,ok,0,0,453,26.376,43,210,405,390,292
42,13899.417090697,13899.417707965,,4,GPU-127e16de-2b5f-dde9-1932-b4e29bb818c0,ok,100,8,1514,227.475,76,930,9501,390,244
43,13900.417090697,13900.417911853,,0,GPU-9b96eb67-aeee-89d5-aa85-fc650af4e25c,ok,0,0,453,26.851,35,210,405,390,341
43,13900.417090697,13900.417886473,,1,GPU-37ffc98b-8551-c8a1-5f3c-27ade9ae735a,ok,0,0,453,14.749,31,210,405,488,341
43,13900.417090697,13900.418142083,,2,GPU-5443d59d-561f-ed1e-da42-1975937205f9,ok,0,0,453,27.149,36,210,405,439,292
43,13900.417090697,13900.418116983,,3,GPU-46bf67bb-cb31-bee1-3cf0-c35337ba97d2,ok,0,0,453,26.344,43,210,405,439,292
43,13900.417090697,13900.417669393,,4,GPU-127e16de-2b5f-dde9-1932-b4e29bb818c0,ok,0,0,1514,162.307,68,1920,9501,390,292
44,13901.417090697,13901.417797281,,0,GPU-9b96eb67-aeee-89d5-aa85-fc650af4e25c,ok,0,0,453,26.861,35,210,405,439,292
44,13901.417090697,13901.418394181,,1,GPU-37ffc98b-8551-c8a1-5f3c-27ade9ae735a,ok,0,0,453,14.853,31,210,405,537,341
44,13901.417090697,13901.417604561,,2,GPU-5443d59d-561f-ed1e-da42-1975937205f9,ok,0,0,453,27.433,36,210,405,439,292
44,13901.417090697,13901.418333171,,3,GPU-46bf67bb-cb31-bee1-3cf0-c35337ba97d2,ok,0,0,453,26.416,43,210,405,439,292
44,13901.417090697,13901.417824761,,4,GPU-127e16de-2b5f-dde9-1932-b4e29bb818c0,ok,0,0,1514,148.816,65,1920,9501,1953,4589
45,13902.417090697,13902.417838759,,0,GPU-9b96eb67-aeee-89d5-aa85-fc650af4e25c,ok,0,0,453,26.917,35,210,405,439,292
45,13902.417090697,13902.417788029,,1,GPU-37ffc98b-8551-c8a1-5f3c-27ade9ae735a,ok,0,0,453,14.76,31,210,405,537,341
45,13902.417090697,13902.417903169,,2,GPU-5443d59d-561f-ed1e-da42-1975937205f9,ok,0,0,453,27.409,36,210,405,439,292
45,13902.417090697,13902.417952489,,3,GPU-46bf67bb-cb31-bee1-3cf0-c35337ba97d2,ok,0,0,453,26.275,43,210,405,439,292
45,13902.417090697,13902.417995289,,4,GPU-127e16de-2b5f-dde9-1932-b4e29bb818c0,ok,100,20,1514,218.1,78,1530,9501,2246,4492
46,13903.417090697,13903.417847167,,0,GPU-9b96eb67-aeee-89d5-aa85-fc650af4e25c,ok,0,0,453,26.966,35,210,405,439,292
46,13903.417090697,13903.418079197,,1,GPU-37ffc98b-8551-c8a1-5f3c-27ade9ae735a,ok,0,0,453,14.739,31,210,405,488,292
46,13903.417090697,13903.418006597,,2,GPU-5443d59d-561f-ed1e-da42-1975937205f9,ok,0,0,453,27.347,36,210,405,439,292
46,13903.417090697,13903.418106147,,3,GPU-46bf67bb-cb31-bee1-3cf0-c35337ba97d2,ok,0,0,453,26.247,43,210,405,439,292
46,13903.417090697,13903.418043767,,4,GPU-127e16de-2b5f-dde9-1932-b4e29bb818c0,ok,100,9,1514,243.523,76,1065,9501,2246,5029
47,13904.417090697,13904.418105895,,0,GPU-9b96eb67-aeee-89d5-aa85-fc650af4e25c,ok,0,0,453,26.995,35,210,405,439,341
47,13904.417090697,13904.417844415,,1,GPU-37ffc98b-8551-c8a1-5f3c-27ade9ae735a,ok,0,0,453,14.99,31,210,405,488,292
47,13904.417090697,13904.417952235,,2,GPU-5443d59d-561f-ed1e-da42-1975937205f9,ok,0,0,453,27.312,36,210,405,439,341
47,13904.417090697,13904.418010815,,3,GPU-46bf67bb-cb31-bee1-3cf0-c35337ba97d2,ok,0,0,453,26.482,43,210,405,439,341
47,13904.417090697,13904.417871985,,4,GPU-127e16de-2b5f-dde9-1932-b4e29bb818c0,ok,100,8,1514,246.01,77,1020,9501,2148,4931
48,13905.417090697,13905.418799583,,0,GPU-9b96eb67-aeee-89d5-aa85-fc650af4e25c,ok,0,0,453,26.839,35,210,405,439,292
48,13905.417090697,13905.417874013,,1,GPU-37ffc98b-8551-c8a1-5f3c-27ade9ae735a,ok,0,0,453,14.9,31,210,405,537,292
48,13905.417090697,13905.417912083,,2,GPU-5443d59d-561f-ed1e-da42-1975937205f9,ok,0,0,453,27.289,36,210,405,390,292
48,13905.417090697,13905.417797643,,3,GPU-46bf67bb-cb31-bee1-3cf0-c35337ba97d2,ok,0,0,453,26.374,43,210,405,439,341
48,13905.417090697,13905.417717373,,4,GPU-127e16de-2b5f-dde9-1932-b4e29bb818c0,ok,100,8,1514,240.192,76,960,9501,2001,4833
49,13906.417090697,13906.417718241,,0,GPU-9b96eb67-aeee-89d5-aa85-fc650af4e25c,ok,0,0,453,26.831,35,210,405,439,292
49,13906.417090697,13906.417973891,,1,GPU-37ffc98b-8551-c8a1-5f3c-27ade9ae735a,ok,0,0,453,14.831,31,210,405,537,341
49,13906.417090697,13906.417960681,,2,GPU-5443d59d-561f-ed1e-da42-1975937205f9,ok,0,0,453,27.418,36,210,405,439,292
49,13906.417090697,13906.417927751,,3,GPU-46bf67bb-cb31-bee1-3cf0-c35337ba97d2,ok,0,0,453,26.371,43,210,405,439,341
49,13906.417090697,13906.418431521,,4,GPU-127e16de-2b5f-dde9-1932-b4e29bb818c0,ok,100,8,1514,237.165,76,960,9501,2099,4541
50,13907.417090697,13907.417757589,,0,GPU-9b96eb67-aeee-89d5-aa85-fc650af4e25c,ok,0,0,453,26.941,35,210,405,390,292
50,13907.417090697,13907.417937479,,1,GPU-37ffc98b-8551-c8a1-5f3c-27ade9ae735a,ok,0,0,453,14.983,31,210,405,537,341
50,13907.417090697,13907.417674769,,2,GPU-5443d59d-561f-ed1e-da42-1975937205f9,ok,0,0,453,27.396,36,210,405,439,292
50,13907.417090697,13907.418986299,,3,GPU-46bf67bb-cb31-bee1-3cf0-c35337ba97d2,ok,0,0,453,26.534,43,210,405,439,341
50,13907.417090697,13907.417899599,,4,GPU-127e16de-2b5f-dde9-1932-b4e29bb818c0,ok,100,8,1514,237.141,77,960,9501,1953,4882
51,13908.417090697,13908.417638257,,0,GPU-9b96eb67-aeee-89d5-aa85-fc650af4e25c,ok,0,0,453,26.796,35,210,405,390,341
51,13908.417090697,13908.417915917,,1,GPU-37ffc98b-8551-c8a1-5f3c-27ade9ae735a,ok,0,0,453,14.798,31,210,405,488,341
51,13908.417090697,13908.418714477,,2,GPU-5443d59d-561f-ed1e-da42-1975937205f9,ok,0,0,453,27.261,36,210,405,439,341
51,13908.417090697,13908.417880037,,3,GPU-46bf67bb-cb31-bee1-3cf0-c35337ba97d2,ok,0,0,453,26.368,43,210,405,439,292
51,13908.417090697,13908.417744247,,4,GPU-127e16de-2b5f-dde9-1932-b4e29bb818c0,ok,100,8,1514,237.12,76,960,9501,2050,4687
52,13909.417090697,13909.417942225,,0,GPU-9b96eb67-aeee-89d5-aa85-fc650af4e25c,ok,0,0,453,26.831,35,210,405,390,292
52,13909.417090697,13909.417863355,,1,GPU-37ffc98b-8551-c8a1-5f3c-27ade9ae735a,ok,0,0,453,14.752,31,210,405,537,292
52,13909.417090697,13909.417993505,,2,GPU-5443d59d-561f-ed1e-da42-1975937205f9,ok,0,0,453,27.288,36,210,405,439,292
52,13909.417090697,13909.417731905,,3,GPU-46bf67bb-cb31-bee1-3cf0-c35337ba97d2,ok,0,0,453,26.37,43,210,405,390,292
52,13909.417090697,13909.417823735,,4,GPU-127e16de-2b5f-dde9-1932-b4e29bb818c0,ok,100,8,1514,236.29,77,960,9501,2050,4589
53,13910.417090697,13910.417865753,,0,GPU-9b96eb67-aeee-89d5-aa85-fc650af4e25c,ok,0,0,453,26.959,35,210,405,439,292
53,13910.417090697,13910.417930573,,1,GPU-37ffc98b-8551-c8a1-5f3c-27ade9ae735a,ok,0,0,453,15.038,31,210,405,537,292
53,13910.417090697,13910.418007773,,2,GPU-5443d59d-561f-ed1e-da42-1975937205f9,ok,0,0,453,27.325,36,210,405,390,292
53,13910.417090697,13910.418045363,,3,GPU-46bf67bb-cb31-bee1-3cf0-c35337ba97d2,ok,0,0,453,26.519,43,210,405,439,341
53,13910.417090697,13910.417975073,,4,GPU-127e16de-2b5f-dde9-1932-b4e29bb818c0,ok,100,8,1514,234.884,77,960,9501,2001,4345
54,13911.417090697,13911.417703751,,0,GPU-9b96eb67-aeee-89d5-aa85-fc650af4e25c,ok,0,0,453,26.748,35,210,405,439,341
54,13911.417090697,13911.418738151,,1,GPU-37ffc98b-8551-c8a1-5f3c-27ade9ae735a,ok,0,0,453,15.014,31,210,405,537,292
54,13911.417090697,13911.418801881,,2,GPU-5443d59d-561f-ed1e-da42-1975937205f9,ok,0,0,453,27.266,36,210,405,439,341
54,13911.417090697,13911.417846971,,3,GPU-46bf67bb-cb31-bee1-3cf0-c35337ba97d2,ok,0,0,453,26.348,43,210,405,390,341
54,13911.417090697,13911.417667801,,4,GPU-127e16de-2b5f-dde9-1932-b4e29bb818c0,ok,100,8,1514,229.083,76,945,9501,1953,4638
55,13912.417090697,13912.419383219,,0,GPU-9b96eb67-aeee-89d5-aa85-fc650af4e25c,ok,0,0,453,26.696,35,210,405,390,292
55,13912.417090697,13912.417736899,,1,GPU-37ffc98b-8551-c8a1-5f3c-27ade9ae735a,ok,0,0,453,14.948,31,210,405,537,292
55,13912.417090697,13912.417864449,,2,GPU-5443d59d-561f-ed1e-da42-1975937205f9,ok,0,0,453,27.43,36,210,405,439,292
55,13912.417090697,13912.418019099,,3,GPU-46bf67bb-cb31-bee1-3cf0-c35337ba97d2,ok,0,0,453,26.295,43,210,405,439,292
55,13912.417090697,13912.417828409,,4,GPU-127e16de-2b5f-dde9-1932-b4e29bb818c0,ok,100,8,1514,232.527,76,930,9501,1953,4687
56,13913.417090697,13913.417855317,,0,GPU-9b96eb67-aeee-89d5-aa85-fc650af4e25c,ok,0,0,453,26.817,35,210,405,390,292
56,13913.417090697,13913.418519877,,1,GPU-37ffc98b-8551-c8a1-5f3c-27ade9ae735a,ok,0,0,453,15.073,31,210,405,488,341
56,13913.417090697,13913.418553067,,2,GPU-5443d59d-561f-ed1e-da42-1975937205f9,ok,0,0,453,27.577,36,210,405,439,292
56,13913.417090697,13913.417751537,,3,GPU-46bf67bb-cb31-bee1-3cf0-c35337ba97d2,ok,0,0,453,26.396,43,210,405,439,292
56,13913.417090697,13913.417882657,,4,GPU-127e16de-2b5f-dde9-1932-b4e29bb818c0,ok,100,8,1514,232.223,76,945,9501,2001,4638
57,13914.417090697,13914.418115825,,0,GPU-9b96eb67-aeee-89d5-aa85-fc650af4e25c,ok,0,0,453,26.691,35,210,405,390,292
57,13914.417090697,13914.417856835,,1,GPU-37ffc98b-8551-c8a1-5f3c-27ade9ae735a,ok,0,0,453,14.921,31,210,405,537,341
57,13914.417090697,13914.418174875,,2,GPU-5443d59d-561f-ed1e-da42-1975937205f9,ok,0,0,453,27.386,36,210,405,439,292
57,13914.417090697,13914.417815715,,3,GPU-46bf67bb-cb31-bee1-3cf0-c35337ba97d2,ok,0,0,453,26.166,43,210,405,439,292
57,13914.417090697,13914.417637045,,4,GPU-127e16de-2b5f-dde9-1932-b4e29bb818c0,ok,100,8,1514,232.407,76,945,9501,1953,4541
58,13915.417090697,13915.418147243,,0,GPU-9b96eb67-aeee-89d5-aa85-fc650af4e25c,ok,0,0,453,26.757,35,210,405,439,292
58,13915.417090697,13915.417831663,,1,GPU-37ffc98b-8551-c8a1-5f3c-27ade9ae735a,ok,0,0,453,14.912,31,210,405,537,341
58,13915.417090697,13915.417859043,,2,GPU-5443d59d-561f-ed1e-da42-1975937205f9,ok,0,0,453,27.403,36,210,405,439,341
58,13915.417090697,13915.417922683,,3,GPU-46bf67bb-cb31-bee1-3cf0-c35337ba97d2,ok,0,0,453,26.114,43,210,405,439,292
58,13915.417090697,13915.417687673,,4,GPU-127e16de-2b5f-dde9-1932-b4e29bb818c0,ok,100,8,1514,232.377,76,945,9501,1953,4833
59,13916.417090697,13916.417961081,,0,GPU-9b96eb67-aeee-89d5-aa85-fc650af4e25c,ok,0,0,453,26.905,35,210,405,439,341
59,13916.417090697,13916.417864861,,1,GPU-37ffc98b-8551-c8a1-5f3c-27ade9ae735a,ok,0,0,453,14.895,30,210,405,537,341
59,13916.417090697,13916.417830751,,2,GPU-5443d59d-561f-ed1e-da42-1975937205f9,ok,0,0,453,27.481,36,210,405,439,292
59,13916.417090697,13916.417991241,,3,GPU-46bf67bb-cb31-bee1-3cf0-c35337ba97d2,ok,0,0,453,26.336,43,210,405,390,292
59,13916.417090697,13916.418019011,,4,GPU-127e16de-2b5f-dde9-1932-b4e29bb818c0,ok,100,8,1514,232.282,76,945,9501,2099,4638
60,13917.417090697,13917.417813779,,0,GPU-9b96eb67-aeee-89d5-aa85-fc650af4e25c,ok,0,0,453,26.736,35,210,405,439,292
60,13917.417090697,13917.418056759,,1,GPU-37ffc98b-8551-c8a1-5f3c-27ade9ae735a,ok,0,0,453,14.579,30,210,405,537,341
60,13917.417090697,13917.418023649,,2,GPU-5443d59d-561f-ed1e-da42-1975937205f9,ok,0,0,453,27.347,36,210,405,439,292
60,13917.417090697,13917.417891079,,3,GPU-46bf67bb-cb31-bee1-3cf0-c35337ba97d2,ok,0,0,453,26.162,43,210,405,439,341
60,13917.417090697,13917.417989709,,4,GPU-127e16de-2b5f-dde9-1932-b4e29bb818c0,ok,100,8,1514,232.326,76,945,9501,2099,4638
61,13918.417090697,13918.417954237,,0,GPU-9b96eb67-aeee-89d5-aa85-fc650af4e25c,ok,0,0,453,26.748,34,210,405,439,292
61,13918.417090697,13918.418015367,,1,GPU-37ffc98b-8551-c8a1-5f3c-27ade9ae735a,ok,0,0,453,14.667,31,210,405,537,292
61,13918.417090697,13918.417913167,,2,GPU-5443d59d-561f-ed1e-da42-1975937205f9,ok,0,0,453,27.392,36,210,405,439,292
61,13918.417090697,13918.417726157,,3,GPU-46bf67bb-cb31-bee1-3cf0-c35337ba97d2,ok,0,0,453,26.154,43,210,405,439,341
61,13918.417090697,13918.418001067,,4,GPU-127e16de-2b5f-dde9-1932-b4e29bb818c0,ok,100,8,1514,232.208,76,945,9501,2099,4492
62,13919.417090697,13919.417895085,,0,GPU-9b96eb67-aeee-89d5-aa85-fc650af4e25c,ok,0,0,453,26.933,35,210,405,439,292
62,13919.417090697,13919.417986805,,1,GPU-37ffc98b-8551-c8a1-5f3c-27ade9ae735a,ok,0,0,453,14.8,30,210,405,537,292
62,13919.417090697,13919.417675575,,2,GPU-5443d59d-561f-ed1e-da42-1975937205f9,ok,0,0,453,27.523,36,210,405,439,292
62,13919.417090697,13919.418010475,,3,GPU-46bf67bb-cb31-bee1-3cf0-c35337ba97d2,ok,0,0,453,26.319,43,210,405,390,341
62,13919.417090697,13919.417919555,,4,GPU-127e16de-2b5f-dde9-1932-b4e29bb818c0,ok,100,8,1514,232.043,76,945,9501,2050,4589
63,13920.417090697,13920.417713443,,0,GPU-9b96eb67-aeee-89d5-aa85-fc650af4e25c,ok,0,0,453,26.851,35,210,405,390,341
63,13920.417090697,13920.417753193,,1,GPU-37ffc98b-8551-c8a1-5f3c-27ade9ae735a,ok,0,0,453,14.684,30,210,405,537,292
63,13920.417090697,13920.417932113,,2,GPU-5443d59d-561f-ed1e-da42-1975937205f9,ok,0,0,453,27.48,36,210,405,390,292
63,13920.417090697,13920.417892893,,3,GPU-46bf67bb-cb31-bee1-3cf0-c35337ba97d2,ok,0,0,453,26.178,43,210,405,439,292
63,13920.417090697,13920.419052133,,4,GPU-127e16de-2b5f-dde9-1932-b4e29bb818c0,ok,100,8,1514,232.222,77,945,9501,2099,4443
64,13921.417090697,13921.418033611,,0,GPU-9b96eb67-aeee-89d5-aa85-fc650af4e25c,ok,0,0,453,26.863,35,210,405,439,292
64,13921.417090697,13921.418061091,,1,GPU-37ffc98b-8551-c8a1-5f3c-27ade9ae735a,ok,0,0,453,14.813,31,210,405,537,292
64,13921.417090697,13921.417942011,,2,GPU-5443d59d-561f-ed1e-da42-1975937205f9,ok,0,0,453,27.538,36,210,405,390,292
64,13921.417090697,13921.417976951,,3,GPU-46bf67bb-cb31-bee1-3cf0-c35337ba97d2,ok,0,0,453,26.242,43,210,405,439,292
64,13921.417090697,13921.417857161,,4,GPU-127e16de-2b5f-dde9-1932-b4e29bb818c0,ok,100,8,1514,231.819,76,945,9501,2001,4638
65,13922.417090697,13922.417953729,,0,GPU-9b96eb67-aeee-89d5-aa85-fc650af4e25c,ok,0,0,453,26.998,35,210,405,439,292
65,13922.417090697,13922.418029249,,1,GPU-37ffc98b-8551-c8a1-5f3c-27ade9ae735a,ok,0,0,453,14.962,30,210,405,537,292
65,13922.417090697,13922.417763199,,2,GPU-5443d59d-561f-ed1e-da42-1975937205f9,ok,0,0,453,27.653,36,210,405,390,292
65,13922.417090697,13922.417989949,,3,GPU-46bf67bb-cb31-bee1-3cf0-c35337ba97d2,ok,0,0,453,26.422,43,210,405,390,292
65,13922.417090697,13922.417727059,,4,GPU-127e16de-2b5f-dde9-1932-b4e29bb818c0,ok,100,8,1514,231.593,76,930,9501,2001,4541
66,13923.417090697,13923.417989637,,0,GPU-9b96eb67-aeee-89d5-aa85-fc650af4e25c,ok,0,0,453,26.979,35,210,405,390,341
66,13923.417090697,13923.418031587,,1,GPU-37ffc98b-8551-c8a1-5f3c-27ade9ae735a,ok,0,0,453,14.855,30,210,405,537,292
66,13923.417090697,13923.417873397,,2,GPU-5443d59d-561f-ed1e-da42-1975937205f9,ok,0,0,453,27.505,36,210,405,390,292
66,13923.417090697,13923.418045587,,3,GPU-46bf67bb-cb31-bee1-3cf0-c35337ba97d2,ok,0,0,453,26.27,43,210,405,439,292
66,13923.417090697,13923.417829077,,4,GPU-127e16de-2b5f-dde9-1932-b4e29bb818c0,ok,100,8,1514,231.065,77,945,9501,1953,4785
67,13924.417090697,13924.417909515,,0,GPU-9b96eb67-aeee-89d5-aa85-fc650af4e25c,ok,0,0,453,27.007,34,210,405,390,292
67,13924.417090697,13924.417882785,,1,GPU-37ffc98b-8551-c8a1-5f3c-27ade9ae735a,ok,0,0,453,14.956,31,210,405,537,341
67,13924.417090697,13924.418140455,,2,GPU-5443d59d-561f-ed1e-da42-1975937205f9,ok,0,0,453,27.372,36,210,405,390,292
67,13924.417090697,13924.417822985,,3,GPU-46bf67bb-cb31-bee1-3cf0-c35337ba97d2,ok,0,0,453,26.255,43,210,405,439,292
67,13924.417090697,13924.417694695,,4,GPU-127e16de-2b5f-dde9-1932-b4e29bb818c0,ok,100,8,1514,231.211,76,930,9501,1953,4785
68,13925.417090697,13925.418017373,,0,GPU-9b96eb67-aeee-89d5-aa85-fc650af4e25c,ok,0,0,453,27.068,35,210,405,439,292
68,13925.417090697,13925.417880763,,1,GPU-37ffc98b-8551-c8a1-5f3c-27ade9ae735a,ok,0,0,453,15.025,31,210,405,537,341
68,13925.417090697,13925.417916353,,2,GPU-5443d59d-561f-ed1e-da42-1975937205f9,ok,0,0,453,27.389,36,210,405,390,341
68,13925.417090697,13925.417942293,,3,GPU-46bf67bb-cb31-bee1-3cf0-c35337ba97d2,ok,0,0,453,26.326,43,210,405,390,292
68,13925.417090697,13925.417984683,,4,GPU-127e16de-2b5f-dde9-1932-b4e29bb818c0,ok,100,8,1514,231.288,77,945,9501,2001,4736
69,13926.417090697,13926.417923381,,0,GPU-9b96eb67-aeee-89d5-aa85-fc650af4e25c,ok,0,0,453,26.877,35,210,405,439,292
69,13926.417090697,13926.418027981,,1,GPU-37ffc98b-8551-c8a1-5f3c-27ade9ae735a,ok,0,0,453,14.764,31,210,405,488,341
69,13926.417090697,13926.417976101,,2,GPU-5443d59d-561f-ed1e-da42-1975937205f9,ok,0,0,453,27.278,36,210,405,390,292
69,13926.417090697,13926.417949031,,3,GPU-46bf67bb-cb31-bee1-3cf0-c35337ba97d2,ok,0,0,453,26.079,43,210,405,439,292
69,13926.417090697,13926.418002001,,4,GPU-127e16de-2b5f-dde9-1932-b4e29bb818c0,ok,100,8,1514,231.147,77,945,9501,2099,4638
70,13927.417090697,13927.417701879,,0,GPU-9b96eb67-aeee-89d5-aa85-fc650af4e25c,ok,0,0,453,26.8,34,210,405,390,292
70,13927.417090697,13927.417822359,,1,GPU-37ffc98b-8551-c8a1-5f3c-27ade9ae735a,ok,0,0,453,14.786,31,210,405,537,341
70,13927.417090697,13927.418575179,,2,GPU-5443d59d-561f-ed1e-da42-1975937205f9,ok,0,0,453,27.277,36,210,405,390,292
70,13927.417090697,13927.418635729,,3,GPU-46bf67bb-cb31-bee1-3cf0-c35337ba97d2,ok,0,0,453,26.073,43,210,405,439,341
70,13927.417090697,13927.417664589,,4,GPU-127e16de-2b5f-dde9-1932-b4e29bb818c0,ok,100,8,1514,231.53,77,945,9501,2099,4492
71,13928.417090697,13928.417999357,,0,GPU-9b96eb67-aeee-89d5-aa85-fc650af4e25c,ok,0,0,453,26.921,34,210,405,390,292
71,13928.417090697,13928.417974127,,1,GPU-37ffc98b-8551-c8a1-5f3c-27ade9ae735a,ok,0,0,453,14.88,31,210,405,488,341
71,13928.417090697,13928.417813737,,2,GPU-5443d59d-561f-ed1e-da42-1975937205f9,ok,0,0,453,27.471,36,210,405,439,292
71,13928.417090697,13928.417870587,,3,GPU-46bf67bb-cb31-bee1-3cf0-c35337ba97d2,ok,0,0,453,26.291,43,210,405,439,341
71,13928.417090697,13928.419157648,,4,GPU-127e16de-2b5f-dde9-1932-b4e29bb818c0,ok,100,8,1514,231.76,77,945,9501,2148,4589
72,13929.417090697,13929.417892255,,0,GPU-9b96eb67-aeee-89d5-aa85-fc650af4e25c,ok,0,0,453,26.605,34,210,405,439,292
72,13929.417090697,13929.417802805,,1,GPU-37ffc98b-8551-c8a1-5f3c-27ade9ae735a,ok,0,0,453,14.694,31,210,405,537,292
72,13929.417090697,13929.418511885,,2,GPU-5443d59d-561f-ed1e-da42-1975937205f9,ok,0,0,453,27.427,36,210,405,439,292
72,13929.417090697,13929.417931935,,3,GPU-46bf67bb-cb31-bee1-3cf0-c35337ba97d2,ok,0,0,453,26.136,43,210,405,439,292
72,13929.417090697,13929.417866025,,4,GPU-127e16de-2b5f-dde9-1932-b4e29bb818c0,ok,100,8,1514,231.42,77,945,9501,2001,4443
73,13930.417090697,13930.417637013,,0,GPU-9b96eb67-aeee-89d5-aa85-fc650af4e25c,ok,0,0,453,26.446,35,210,405,390,341
73,13930.417090697,13930.418349623,,1,GPU-37ffc98b-8551-c8a1-5f3c-27ade9ae735a,ok,0,0,453,14.685,31,210,405,537,292
73,13930.417090697,13930.417882963,,2,GPU-5443d59d-561f-ed1e-da42-1975937205f9,ok,0,0,453,27.407,36,210,405,439,341
73,13930.417090697,13930.417792973,,3,GPU-46bf67bb-cb31-bee1-3cf0-c35337ba97d2,ok,0,0,453,26.134,43,210,405,439,292
73,13930.417090697,13930.417836143,,4,GPU-127e16de-2b5f-dde9-1932-b4e29bb818c0,ok,100,8,1514,227.42,76,945,9501,2050,4736
74,13931.417090697,13931.417924721,,0,GPU-9b96eb67-aeee-89d5-aa85-fc650af4e25c,ok,0,0,453,26.636,35,210,405,390,292
74,13931.417090697,13931.417958081,,1,GPU-37ffc98b-8551-c8a1-5f3c-27ade9ae735a,ok,0,0,453,14.763,31,210,405,488,341
74,13931.417090697,13931.417712541,,2,GPU-5443d59d-561f-ed1e-da42-1975937205f9,ok,0,0,453,27.526,36,210,405,439,292
74,13931.417090697,13931.418426751,,3,GPU-46bf67bb-cb31-bee1-3cf0-c35337ba97d2,ok,0,0,453,26.322,43,210,405,439,292
74,13931.417090697,13931.417897281,,4,GPU-127e16de-2b5f-dde9-1932-b4e29bb818c0,ok,100,8,1514,231.339,77,945,9501,2001,4541
75,13932.417090697,13932.417876189,,0,GPU-9b96eb67-aeee-89d5-aa85-fc650af4e25c,ok,0,0,453,26.586,35,210,405,439,292
75,13932.417090697,13932.418112409,,1,GPU-37ffc98b-8551-c8a1-5f3c-27ade9ae735a,ok,0,0,453,14.775,31,210,405,537,341
75,13932.417090697,13932.417937799,,2,GPU-5443d59d-561f-ed1e-da42-1975937205f9,ok,0,0,453,27.438,36,210,405,439,292
75,13932.417090697,13932.417902509,,3,GPU-46bf67bb-cb31-bee1-3cf0-c35337ba97d2,ok,0,0,453,26.171,43,210,405,390,292
75,13932.417090697,13932.417669999,,4,GPU-127e16de-2b5f-dde9-1932-b4e29bb818c0,ok,100,8,1514,227.682,76,930,9501,1904,4541
76,13933.417090697,13933.417549987,,0,GPU-9b96eb67-aeee-89d5-aa85-fc650af4e25c,ok,0,0,453,26.628,34,210,405,439,292
76,13933.417090697,13933.418532718,,1,GPU-37ffc98b-8551-c8a1-5f3c-27ade9ae735a,ok,0,0,453,15.055,31,210,405,537,292
76,13933.417090697,13933.418348188,,2,GPU-5443d59d-561f-ed1e-da42-1975937205f9,ok,0,0,453,27.42,36,210,405,439,292
76,13933.417090697,13933.418429198,,3,GPU-46bf67bb-cb31-bee1-3cf0-c35337ba97d2,ok,0,0,453,26.185,43,210,405,390,292
76,13933.417090697,13933.418508468,,4,GPU-127e16de-2b5f-dde9-1932-b4e29bb818c0,ok,100,8,1514,229.85,76,930,9501,2001,4492
77,13934.417090697,13934.417967625,,0,GPU-9b96eb67-aeee-89d5-aa85-fc650af4e25c,ok,0,0,453,26.753,35,210,405,439,341
77,13934.417090697,13934.417822145,,1,GPU-37ffc98b-8551-c8a1-5f3c-27ade9ae735a,ok,0,0,453,15.193,31,210,405,488,292
77,13934.417090697,13934.418019825,,2,GPU-5443d59d-561f-ed1e-da42-1975937205f9,ok,0,0,453,27.311,36,210,405,390,341
77,13934.417090697,13934.418876466,,3,GPU-46bf67bb-cb31-bee1-3cf0-c35337ba97d2,ok,0,0,453,26.346,43,210,405,439,292
77,13934.417090697,13934.417848155,,4,GPU-127e16de-2b5f-dde9-1932-b4e29bb818c0,ok,100,8,1514,230.172,76,930,9501,1953,4443
78,13935.417090697,13935.418035493,,0,GPU-9b96eb67-aeee-89d5-aa85-fc650af4e25c,ok,0,0,453,26.631,35,210,405,439,292
78,13935.417090697,13935.417946073,,1,GPU-37ffc98b-8551-c8a1-5f3c-27ade9ae735a,ok,0,0,453,15.006,31,210,405,488,292
78,13935.417090697,13935.417784483,,2,GPU-5443d59d-561f-ed1e-da42-1975937205f9,ok,0,0,453,27.206,36,210,405,439,292
78,13935.417090697,13935.417903243,,3,GPU-46bf67bb-cb31-bee1-3cf0-c35337ba97d2,ok,0,0,453,26.179,43,210,405,439,292
78,13935.417090697,13935.417973073,,4,GPU-127e16de-2b5f-dde9-1932-b4e29bb818c0,ok,100,8,1514,229.972,76,930,9501,1904,4492
79,13936.417090697,13936.418019871,,0,GPU-9b96eb67-aeee-89d5-aa85-fc650af4e25c,ok,0,0,453,26.64,35,210,405,439,292
79,13936.417090697,13936.417993011,,1,GPU-37ffc98b-8551-c8a1-5f3c-27ade9ae735a,ok,0,0,453,15.014,31,210,405,488,292
79,13936.417090697,13936.417711161,,2,GPU-5443d59d-561f-ed1e-da42-1975937205f9,ok,0,0,453,27.32,36,210,405,390,292
79,13936.417090697,13936.418053172,,3,GPU-46bf67bb-cb31-bee1-3cf0-c35337ba97d2,ok,0,0,453,26.175,43,210,405,439,292
79,13936.417090697,13936.417967951,,4,GPU-127e16de-2b5f-dde9-1932-b4e29bb818c0,ok,100,8,1514,229.905,76,930,9501,2001,4638
80,13937.417090697,13937.417586719,,0,GPU-9b96eb67-aeee-89d5-aa85-fc650af4e25c,ok,0,0,453,26.775,35,210,405,390,292
80,13937.417090697,13937.417857039,,1,GPU-37ffc98b-8551-c8a1-5f3c-27ade9ae735a,ok,0,0,453,14.874,31,210,405,488,292
80,13937.417090697,13937.41836675,,2,GPU-5443d59d-561f-ed1e-da42-1975937205f9,ok,0,0,453,27.218,36,210,405,390,341
80,13937.417090697,13937.41841533,,3,GPU-46bf67bb-cb31-bee1-3cf0-c35337ba97d2,ok,0,0,453,26.397,43,210,405,439,292
80,13937.417090697,13937.417823489,,4,GPU-127e16de-2b5f-dde9-1932-b4e29bb818c0,ok,100,8,1514,230.003,76,930,9501,2050,4492
81,13938.417090697,13938.417875837,,0,GPU-9b96eb67-aeee-89d5-aa85-fc650af4e25c,ok,0,0,453,26.725,35,210,405,439,341
81,13938.417090697,13938.418472118,,1,GPU-37ffc98b-8551-c8a1-5f3c-27ade9ae735a,ok,0,0,453,14.779,31,210,405,537,292
81,13938.417090697,13938.418501448,,2,GPU-5443d59d-561f-ed1e-da42-1975937205f9,ok,0,0,453,27.187,36,210,405,439,341
81,13938.417090697,13938.417691767,,3,GPU-46bf67bb-cb31-bee1-3cf0-c35337ba97d2,ok,0,0,453,26.278,43,210,405,439,341
81,13938.417090697,13938.417844847,,4,GPU-127e16de-2b5f-dde9-1932-b4e29bb818c0,ok,100,8,1514,230.083,76,930,9501,2099,4443
82,13939.417090697,13939.417950486,,0,GPU-9b96eb67-aeee-89d5-aa85-fc650af4e25c,ok,0,0,453,26.789,34,210,405,439,292
82,13939.417090697,13939.418655626,,1,GPU-37ffc98b-8551-c8a1-5f3c-27ade9ae735a,ok,0,0,453,14.983,31,210,405,537,292
82,13939.417090697,13939.417899616,,2,GPU-5443d59d-561f-ed1e-da42-1975937205f9,ok,0,0,453,27.337,36,210,405,439,292
82,13939.417090697,13939.417696805,,3,GPU-46bf67bb-cb31-bee1-3cf0-c35337ba97d2,ok,0,0,453,26.287,43,210,405,439,292
82,13939.417090697,13939.417791995,,4,GPU-127e16de-2b5f-dde9-1932-b4e29bb818c0,ok,100,8,1514,230.0,76,930,9501,683,292
83,13940.417090697,13940.418671354,,0,GPU-9b96eb67-aeee-89d5-aa85-fc650af4e25c,ok,0,0,453,26.756,34,210,405,390,292
83,13940.417090697,13940.418128354,,1,GPU-37ffc98b-8551-c8a1-5f3c-27ade9ae735a,ok,0,0,453,14.959,31,210,405,537,341
83,13940.417090697,13940.417853844,,2,GPU-5443d59d-561f-ed1e-da42-1975937205f9,ok,0,0,453,27.259,36,210,405,390,341
83,13940.417090697,13940.418175354,,3,GPU-46bf67bb-cb31-bee1-3cf0-c35337ba97d2,ok,0,0,453,26.261,43,210,405,439,292
83,13940.417090697,13940.417757044,,4,GPU-127e16de-2b5f-dde9-1932-b4e29bb818c0,ok,0,0,1514,179.814,69,1905,9501,439,244
84,13941.417090697,13941.418427632,,0,GPU-9b96eb67-aeee-89d5-aa85-fc650af4e25c,ok,0,0,453,26.574,35,210,405,439,341
84,13941.417090697,13941.417930792,,1,GPU-37ffc98b-8551-c8a1-5f3c-27ade9ae735a,ok,0,0,453,14.921,31,210,405,488,292
84,13941.417090697,13941.417965682,,2,GPU-5443d59d-561f-ed1e-da42-1975937205f9,ok,0,0,453,27.409,36,210,405,439,341
84,13941.417090697,13941.417716142,,3,GPU-46bf67bb-cb31-bee1-3cf0-c35337ba97d2,ok,0,0,453,26.199,43,210,405,390,292
84,13941.417090697,13941.417885382,,4,GPU-127e16de-2b5f-dde9-1932-b4e29bb818c0,ok,0,0,1514,158.513,68,1920,9501,6201,11474
85,13942.417090697,13942.41795591,,0,GPU-9b96eb67-aeee-89d5-aa85-fc650af4e25c,ok,0,0,453,26.659,35,210,405,439,292
85,13942.417090697,13942.41805193,,1,GPU-37ffc98b-8551-c8a1-5f3c-27ade9ae735a,ok,0,0,453,14.927,31,210,405,488,292
85,13942.417090697,13942.41803733,,2,GPU-5443d59d-561f-ed1e-da42-1975937205f9,ok,0,0,453,27.668,36,210,405,439,292
85,13942.417090697,13942.41779623,,3,GPU-46bf67bb-cb31-bee1-3cf0-c35337ba97d2,ok,0,0,453,26.34,43,210,405,439,341
85,13942.417090697,13942.41799184,,4,GPU-127e16de-2b5f-dde9-1932-b4e29bb818c0,ok,100,7,1514,211.819,75,900,9501,2148,4492
86,13943.417090697,13943.420025808,,0,GPU-9b96eb67-aeee-89d5-aa85-fc650af4e25c,ok,0,0,453,26.718,35,210,405,439,292
86,13943.417090697,13943.417705498,,1,GPU-37ffc98b-8551-c8a1-5f3c-27ade9ae735a,ok,0,0,453,14.675,31,210,405,537,292
86,13943.417090697,13943.417920668,,2,GPU-5443d59d-561f-ed1e-da42-1975937205f9,ok,0,0,453,27.439,36,210,405,439,292
86,13943.417090697,13943.417874858,,3,GPU-46bf67bb-cb31-bee1-3cf0-c35337ba97d2,ok,0,0,453,26.15,43,210,405,439,292
86,13943.417090697,13943.417836488,,4,GPU-127e16de-2b5f-dde9-1932-b4e29bb818c0,ok,100,8,1514,247.711,76,1005,9501,2099,5078
87,13944.417090697,13944.418619276,,0,GPU-9b96eb67-aeee-89d5-aa85-fc650af4e25c,ok,0,0,453,26.796,35,210,405,439,292
87,13944.417090697,13944.418344816,,1,GPU-37ffc98b-8551-c8a1-5f3c-27ade9ae735a,ok,0,0,453,14.71,31,210,405,537,292
87,13944.417090697,13944.417552876,,2,GPU-5443d59d-561f-ed1e-da42-1975937205f9,ok,0,0,453,27.416,36,210,405,439,292
87,13944.417090697,13944.418296866,,3,GPU-46bf67bb-cb31-bee1-3cf0-c35337ba97d2,ok,0,0,453,26.179,43,210,405,488,292
87,13944.417090697,13944.417728396,,4,GPU-127e16de-2b5f-dde9-1932-b4e29bb818c0,ok,100,8,1514,241.52,77,1005,9501,2050,5078
88,13945.417090697,13945.417946944,,0,GPU-9b96eb67-aeee-89d5-aa85-fc650af4e25c,ok,0,0,453,26.906,35,210,405,390,292
88,13945.417090697,13945.417731214,,1,GPU-37ffc98b-8551-c8a1-5f3c-27ade9ae735a,ok,0,0,453,15.074,30,210,405,488,292
88,13945.417090697,13945.417776784,,2,GPU-5443d59d-561f-ed1e-da42-1975937205f9,ok,0,0,453,27.588,36,210,405,439,292
88,13945.417090697,13945.417853074,,3,GPU-46bf67bb-cb31-bee1-3cf0-c35337ba97d2,ok,0,0,453,26.357,43,210,405,390,292
88,13945.417090697,13945.419710394,,4,GPU-127e16de-2b5f-dde9-1932-b4e29bb818c0,ok,100,8,1514,239.909,76,945,9501,2197,4541
89,13946.417090697,13946.420050532,,0,GPU-9b96eb67-aeee-89d5-aa85-fc650af4e25c,ok,0,0,453,26.767,35,210,405,390,341
89,13946.417090697,13946.417795772,,1,GPU-37ffc98b-8551-c8a1-5f3c-27ade9ae735a,ok,0,0,453,14.972,30,210,405,537,292
89,13946.417090697,13946.417932122,,2,GPU-5443d59d-561f-ed1e-da42-1975937205f9,ok,0,0,453,27.423,36,210,405,390,341
89,13946.417090697,13946.417959202,,3,GPU-46bf67bb-cb31-bee1-3cf0-c35337ba97d2,ok,0,0,453,26.167,43,210,405,439,292
89,13946.417090697,13946.417843332,,4,GPU-127e16de-2b5f-dde9-1932-b4e29bb818c0,ok,100,8,1514,235.653,76,945,9501,2099,4638
90,13947.417090697,13947.41787303,,0,GPU-9b96eb67-aeee-89d5-aa85-fc650af4e25c,ok,0,0,453,26.738,34,210,405,390,292
90,13947.417090697,13947.41958314,,1,GPU-37ffc98b-8551-c8a1-5f3c-27ade9ae735a,ok,0,0,453,14.83,31,210,405,537,292
90,13947.417090697,13947.4176392,,2,GPU-5443d59d-561f-ed1e-da42-1975937205f9,ok,0,0,453,27.399,36,210,405,439,341
90,13947.417090697,13947.41784753,,3,GPU-46bf67bb-cb31-bee1-3cf0-c35337ba97d2,ok,0,0,453,26.222,43,210,405,439,292
90,13947.417090697,13947.41793051,,4,GPU-127e16de-2b5f-dde9-1932-b4e29bb818c0,ok,100,8,1514,235.48,76,945,9501,2001,4492
91,13948.417090697,13948.417806718,,0,GPU-9b96eb67-aeee-89d5-aa85-fc650af4e25c,ok,0,0,453,26.954,34,210,405,390,292
91,13948.417090697,13948.417689508,,1,GPU-37ffc98b-8551-c8a1-5f3c-27ade9ae735a,ok,0,0,453,14.898,31,210,405,488,341
91,13948.417090697,13948.419398178,,2,GPU-5443d59d-561f-ed1e-da42-1975937205f9,ok,0,0,453,27.535,36,210,405,683,341
91,13948.417090697,13948.419351248,,3,GPU-46bf67bb-cb31-bee1-3cf0-c35337ba97d2,ok,0,0,453,26.411,43,210,405,390,292
91,13948.417090697,13948.417758778,,4,GPU-127e16de-2b5f-dde9-1932-b4e29bb818c0,ok,100,8,1514,235.365,76,945,9501,1953,4541
92,13949.417090697,13949.417570376,,0,GPU-9b96eb67-aeee-89d5-aa85-fc650af4e25c,ok,0,0,453,26.94,34,210,405,439,292
92,13949.417090697,13949.418415876,,1,GPU-37ffc98b-8551-c8a1-5f3c-27ade9ae735a,ok,0,0,453,14.747,31,210,405,537,341
92,13949.417090697,13949.418441336,,2,GPU-5443d59d-561f-ed1e-da42-1975937205f9,ok,0,0,453,27.409,36,210,405,439,292
92,13949.417090697,13949.417731916,,3,GPU-46bf67bb-cb31-bee1-3cf0-c35337ba97d2,ok,0,0,453,26.193,43,210,405,439,292
92,13949.417090697,13949.418380676,,4,GPU-127e16de-2b5f-dde9-1932-b4e29bb818c0,ok,100,8,1514,235.352,76,945,9501,2050,4541
93,13950.417090697,13950.417602574,,0,GPU-9b96eb67-aeee-89d5-aa85-fc650af4e25c,ok,0,0,453,26.941,34,210,405,439,292
93,13950.417090697,13950.417824944,,1,GPU-37ffc98b-8551-c8a1-5f3c-27ade9ae735a,ok,0,0,453,14.727,31,210,405,537,341
93,13950.417090697,13950.417786114,,2,GPU-5443d59d-561f-ed1e-da42-1975937205f9,ok,0,0,453,27.656,36,210,405,439,292
93,13950.417090697,13950.418391564,,3,GPU-46bf67bb-cb31-bee1-3cf0-c35337ba97d2,ok,0,0,453,26.143,43,210,405,439,292
93,13950.417090697,13950.418319014,,4,GPU-127e16de-2b5f-dde9-1932-b4e29bb818c0,ok,100,8,1514,233.845,76,945,9501,2001,4785
94,13951.417090697,13951.419482742,,0,GPU-9b96eb67-aeee-89d5-aa85-fc650af4e25c,ok,0,0,453,27.101,34,210,405,439,341
94,13951.417090697,13951.417780952,,1,GPU-37ffc98b-8551-c8a1-5f3c-27ade9ae735a,ok,0,0,453,14.778,31,210,405,537,292
94,13951.417090697,13951.417859732,,2,GPU-5443d59d-561f-ed1e-da42-1975937205f9,ok,0,0,453,27.849,36,210,405,390,292
94,13951.417090697,13951.418005382,,3,GPU-46bf67bb-cb31-bee1-3cf0-c35337ba97d2,ok,0,0,453,26.303,43,210,405,439,341
94,13951.417090697,13951.417916302,,4,GPU-127e16de-2b5f-dde9-1932-b4e29bb818c0,ok,100,8,1514,233.259,76,945,9501,2001,4833
95,13952.417090697,13952.41923587,,0,GPU-9b96eb67-aeee-89d5-aa85-fc650af4e25c,ok,0,0,453,26.926,34,210,405,439,292
95,13952.417090697,13952.41769623,,1,GPU-37ffc98b-8551-c8a1-5f3c-27ade9ae735a,ok,0,0,453,14.562,31,210,405,488,292
95,13952.417090697,13952.41889856,,2,GPU-5443d59d-561f-ed1e-da42-1975937205f9,ok,0,0,453,27.557,36,210,405,390,292
95,13952.417090697,13952.41756718,,3,GPU-46bf67bb-cb31-bee1-3cf0-c35337ba97d2,ok,0,0,453,26.123,43,210,405,390,341
95,13952.417090697,13952.4178055,,4,GPU-127e16de-2b5f-dde9-1932-b4e29bb818c0,ok,100,8,1514,233.079,76,945,9501,2050,4785
96,13953.417090697,13953.417756228,,0,GPU-9b96eb67-aeee-89d5-aa85-fc650af4e25c,ok,0,0,453,26.811,34,210,405,439,292
96,13953.417090697,13953.417590108,,1,GPU-37ffc98b-8551-c8a1-5f3c-27ade9ae735a,ok,0,0,453,14.592,30,210,405,488,292
96,13953.417090697,13953.417795798,,2,GPU-5443d59d-561f-ed1e-da42-1975937205f9,ok,0,0,453,27.35,36,210,405,439,292
96,13953.417090697,13953.418189888,,3,GPU-46bf67bb-cb31-bee1-3cf0-c35337ba97d2,ok,0,0,453,26.132,43,210,405,439,341
96,13953.417090697,13953.419240138,,4,GPU-127e16de-2b5f-dde9-1932-b4e29bb818c0,ok,100,8,1514,232.555,76,945,9501,2197,4492
97,13954.417090697,13954.417597046,,0,GPU-9b96eb67-aeee-89d5-aa85-fc650af4e25c,ok,0,0,453,26.975,34,210,405,439,341
97,13954.417090697,13954.418990156,,1,GPU-37ffc98b-8551-c8a1-5f3c-27ade9ae735a,ok,0,0,453,14.775,31,210,405,488,292
97,13954.417090697,13954.417731096,,2,GPU-5443d59d-561f-ed1e-da42-1975937205f9,ok,0,0,453,27.431,36,210,405,439,292
97,13954.417090697,13954.419011236,,3,GPU-46bf67bb-cb31-bee1-3cf0-c35337ba97d2,ok,0,0,453,26.323,43,210,405,390,341
97,13954.417090697,13954.418314246,,4,GPU-127e16de-2b5f-dde9-1932-b4e29bb818c0,ok,100,8,1514,232.284,76,945,9501,2148,4541
98,13955.417090697,13955.417729754,,0,GPU-9b96eb67-aeee-89d5-aa85-fc650af4e25c,ok,0,0,453,26.879,34,210,405,390,341
98,13955.417090697,13955.417995604,,1,GPU-37ffc98b-8551-c8a1-5f3c-27ade9ae735a,ok,0,0,453,14.639,31,210,405,537,292
98,13955.417090697,13955.417978114,,2,GPU-5443d59d-561f-ed1e-da42-1975937205f9,ok,0,0,453,27.553,36,210,405,439,292
98,13955.417090697,13955.418031624,,3,GPU-46bf67bb-cb31-bee1-3cf0-c35337ba97d2,ok,0,0,453,26.132,43,210,405,439,292
98,13955.417090697,13955.417798344,,4,GPU-127e16de-2b5f-dde9-1932-b4e29bb818c0,ok,100,8,1514,232.097,76,945,9501,2001,4541
99,13956.417090697,13956.419041192,,0,GPU-9b96eb67-aeee-89d5-aa85-fc650af4e25c,ok,0,0,453,26.845,34,210,405,439,292
99,13956.417090697,13956.417726862,,1,GPU-37ffc98b-8551-c8a1-5f3c-27ade9ae735a,ok,0,0,453,14.762,30,210,405,537,341
99,13956.417090697,13956.417627212,,2,GPU-5443d59d-561f-ed1e-da42-1975937205f9,ok,0,0,453,27.439,36,210,405,390,341
99,13956.417090697,13956.418976222,,3,GPU-46bf67bb-cb31-bee1-3cf0-c35337ba97d2,ok,0,0,453,26.135,43,210,405,439,292
99,13956.417090697,13956.418322682,,4,GPU-127e16de-2b5f-dde9-1932-b4e29bb818c0,ok,100,8,1514,232.051,77,945,9501,2050,4492
100,13957.417090697,13957.41800691,,0,GPU-9b96eb67-aeee-89d5-aa85-fc650af4e25c,ok,0,0,453,26.959,34,210,405,439,292
100,13957.417090697,13957.41796861,,1,GPU-37ffc98b-8551-c8a1-5f3c-27ade9ae735a,ok,0,0,453,15.006,31,210,405,488,341
100,13957.417090697,13957.41782357,,2,GPU-5443d59d-561f-ed1e-da42-1975937205f9,ok,0,0,453,27.423,36,210,405,439,341
100,13957.417090697,13957.41780616,,3,GPU-46bf67bb-cb31-bee1-3cf0-c35337ba97d2,ok,0,0,453,26.3,43,210,405,439,292
100,13957.417090697,13957.4178632,,4,GPU-127e16de-2b5f-dde9-1932-b4e29bb818c0,ok,100,8,1514,231.775,76,945,9501,2099,4541
101,13958.417090697,13958.417934828,,0,GPU-9b96eb67-aeee-89d5-aa85-fc650af4e25c,ok,0,0,453,26.908,34,210,405,439,292
101,13958.417090697,13958.417830678,,1,GPU-37ffc98b-8551-c8a1-5f3c-27ade9ae735a,ok,0,0,453,14.823,31,210,405,537,292
101,13958.417090697,13958.417997118,,2,GPU-5443d59d-561f-ed1e-da42-1975937205f9,ok,0,0,453,27.638,36,210,405,439,292
101,13958.417090697,13958.417887848,,3,GPU-46bf67bb-cb31-bee1-3cf0-c35337ba97d2,ok,0,0,453,26.151,43,210,405,439,292
101,13958.417090697,13958.417860048,,4,GPU-127e16de-2b5f-dde9-1932-b4e29bb818c0,ok,100,8,1514,231.792,76,945,9501,2001,4833
102,13959.417090697,13959.417782226,,0,GPU-9b96eb67-aeee-89d5-aa85-fc650af4e25c,ok,0,0,453,26.967,34,210,405,439,341
102,13959.417090697,13959.417964206,,1,GPU-37ffc98b-8551-c8a1-5f3c-27ade9ae735a,ok,0,0,453,14.717,30,210,405,537,292
102,13959.417090697,13959.417989096,,2,GPU-5443d59d-561f-ed1e-da42-1975937205f9,ok,0,0,453,27.505,36,210,405,439,292
102,13959.417090697,13959.418087996,,3,GPU-46bf67bb-cb31-bee1-3cf0-c35337ba97d2,ok,0,0,453,26.145,43,210,405,390,292
102,13959.417090697,13959.418015186,,4,GPU-127e16de-2b5f-dde9-1932-b4e29bb818c0,ok,100,8,1514,231.382,77,945,9501,2050,4785
103,13960.417090697,13960.417673274,,0,GPU-9b96eb67-aeee-89d5-aa85-fc650af4e25c,ok,0,0,453,27.095,34,210,405,439,292
103,13960.417090697,13960.418692294,,1,GPU-37ffc98b-8551-c8a1-5f3c-27ade9ae735a,ok,0,0,453,14.765,30,210,405,537,292
103,13960.417090697,13960.417892554,,2,GPU-5443d59d-561f-ed1e-da42-1975937205f9,ok,0,0,453,27.207,36,210,405,439,292
103,13960.417090697,13960.417879444,,3,GPU-46bf67bb-cb31-bee1-3cf0-c35337ba97d2,ok,0,0,453,26.272,43,210,405,439,341
103,13960.417090697,13960.417749344,,4,GPU-127e16de-2b5f-dde9-1932-b4e29bb818c0,ok,100,8,1514,231.654,76,945,9501,2001,4736
104,13961.417090697,13961.417582542,,0,GPU-9b96eb67-aeee-89d5-aa85-fc650af4e25c,ok,0,0,453,26.973,34,210,405,439,292
104,13961.417090697,13961.417762752,,1,GPU-37ffc98b-8551-c8a1-5f3c-27ade9ae735a,ok,0,0,453,14.654,30,210,405,488,292
104,13961.417090697,13961.417801052,,2,GPU-5443d59d-561f-ed1e-da42-1975937205f9,ok,0,0,453,27.162,36,210,405,390,341
104,13961.417090697,13961.418307462,,3,GPU-46bf67bb-cb31-bee1-3cf0-c35337ba97d2,ok,0,0,453,26.129,43,210,405,439,292
104,13961.417090697,13961.418371472,,4,GPU-127e16de-2b5f-dde9-1932-b4e29bb818c0,ok,100,8,1514,231.413,76,945,9501,2197,4541
105,13962.417090697,13962.41763218,,0,GPU-9b96eb67-aeee-89d5-aa85-fc650af4e25c,ok,0,0,453,26.895,34,210,405,439,292
105,13962.417090697,13962.41834114,,1,GPU-37ffc98b-8551-c8a1-5f3c-27ade9ae735a,ok,0,0,453,14.7,30,210,405,537,292
105,13962.417090697,13962.41783279,,2,GPU-5443d59d-561f-ed1e-da42-1975937205f9,ok,0,0,453,27.323,36,210,405,439,292
105,13962.417090697,13962.41772693,,3,GPU-46bf67bb-cb31-bee1-3cf0-c35337ba97d2,ok,0,0,453,26.139,43,210,405,439,292
105,13962.417090697,13962.41897377,,4,GPU-127e16de-2b5f-dde9-1932-b4e29bb818c0,ok,100,8,1514,231.634,77,945,9501,2148,4443
106,13963.417090697,13963.418324598,,0,GPU-9b96eb67-aeee-89d5-aa85-fc650af4e25c,ok,0,0,453,26.95,34,210,405,439,292
106,13963.417090697,13963.417839828,,1,GPU-37ffc98b-8551-c8a1-5f3c-27ade9ae735a,ok,0,0,453,14.799,31,210,405,537,292
106,13963.417090697,13963.417568778,,2,GPU-5443d59d-561f-ed1e-da42-1975937205f9,ok,0,0,453,27.531,36,210,405,439,292
106,13963.417090697,13963.417812298,,3,GPU-46bf67bb-cb31-bee1-3cf0-c35337ba97d2,ok,0,0,453,26.309,43,210,405,439,341
106,13963.417090697,13963.418346398,,4,GPU-127e16de-2b5f-dde9-1932-b4e29bb818c0,ok,100,8,1514,228.251,76,900,9501,2050,4833
107,13964.417090697,13964.417879836,,0,GPU-9b96eb67-aeee-89d5-aa85-fc650af4e25c,ok,0,0,453,26.846,34,210,405,439,292
107,13964.417090697,13964.417658386,,1,GPU-37ffc98b-8551-c8a1-5f3c-27ade9ae735a,ok,0,0,453,14.664,31,210,405,537,341
107,13964.417090697,13964.418478556,,2,GPU-5443d59d-561f-ed1e-da42-1975937205f9,ok,0,0,453,27.399,36,210,405,439,292
107,13964.417090697,13964.417922076,,3,GPU-46bf67bb-cb31-bee1-3cf0-c35337ba97d2,ok,0,0,453,26.179,43,210,405,390,341
107,13964.417090697,13964.418448116,,4,GPU-127e16de-2b5f-dde9-1932-b4e29bb818c0,ok,100,8,1514,229.232,76,930,9501,1953,4785
108,13965.417090697,13965.417703944,,0,GPU-9b96eb67-aeee-89d5-aa85-fc650af4e25c,ok,0,0,453,26.883,34,210,405,390,292
108,13965.417090697,13965.417963154,,1,GPU-37ffc98b-8551-c8a1-5f3c-27ade9ae735a,ok,0,0,453,14.599,31,210,405,537,341
108,13965.417090697,13965.418496044,,2,GPU-5443d59d-561f-ed1e-da42-1975937205f9,ok,0,0,453,27.304,36,210,405,439,292
108,13965.417090697,13965.418458724,,3,GPU-46bf67bb-cb31-bee1-3cf0-c35337ba97d2,ok,0,0,453,26.208,43,210,405,439,341
108,13965.417090697,13965.417923574,,4,GPU-127e16de-2b5f-dde9-1932-b4e29bb818c0,ok,100,8,1514,229.902,76,930,9501,1953,4785
109,13966.417090697,13966.417755062,,0,GPU-9b96eb67-aeee-89d5-aa85-fc650af4e25c,ok,0,0,453,26.986,34,210,405,390,341
109,13966.417090697,13966.417552882,,1,GPU-37ffc98b-8551-c8a1-5f3c-27ade9ae735a,ok,0,0,453,14.705,30,210,405,439,292
109,13966.417090697,13966.418263942,,2,GPU-5443d59d-561f-ed1e-da42-1975937205f9,ok,0,0,453,27.345,36,210,405,439,292
109,13966.417090697,13966.418294052,,3,GPU-46bf67bb-cb31-bee1-3cf0-c35337ba97d2,ok,0,0,453,26.377,43,210,405,439,341
109,13966.417090697,13966.418315052,,4,GPU-127e16de-2b5f-dde9-1932-b4e29bb818c0,ok,100,8,1514,230.093,76,930,9501,2001,4541
110,13967.417090697,13967.41842373,,0,GPU-9b96eb67-aeee-89d5-aa85-fc650af4e25c,ok,0,0,453,26.892,34,210,405,390,292
110,13967.417090697,13967.41758565,,1,GPU-37ffc98b-8551-c8a1-5f3c-27ade9ae735a,ok,0,0,453,14.739,30,210,405,537,292
110,13967.417090697,13967.41774932,,2,GPU-5443d59d-561f-ed1e-da42-1975937205f9,ok,0,0,453,27.287,36,210,405,439,292
110,13967.417090697,13967.41845172,,3,GPU-46bf67bb-cb31-bee1-3cf0-c35337ba97d2,ok,0,0,453,26.209,43,210,405,439,341
110,13967.417090697,13967.41839035,,4,GPU-127e16de-2b5f-dde9-1932-b4e29bb818c0,ok,100,8,1514,230.071,76,930,9501,2001,4638
111,13968.417090697,13968.417848848,,0,GPU-9b96eb67-aeee-89d5-aa85-fc650af4e25c,ok,0,0,453,26.887,34,210,405,439,292
111,13968.417090697,13968.417615098,,1,GPU-37ffc98b-8551-c8a1-5f3c-27ade9ae735a,ok,0,0,453,14.713,30,210,405,439,292
111,13968.417090697,13968.418379928,,2,GPU-5443d59d-561f-ed1e-da42-1975937205f9,ok,0,0,453,27.33,36,210,405,439,292
111,13968.417090697,13968.418398038,,3,GPU-46bf67bb-cb31-bee1-3cf0-c35337ba97d2,ok,0,0,453,26.236,43,210,405,439,341
111,13968.417090697,13968.417870028,,4,GPU-127e16de-2b5f-dde9-1932-b4e29bb818c0,ok,100,8,1514,230.096,76,930,9501,1953,4296
112,13969.417090697,13969.417805486,,0,GPU-9b96eb67-aeee-89d5-aa85-fc650af4e25c,ok,0,0,453,26.967,34,210,405,439,292
112,13969.417090697,13969.417759726,,1,GPU-37ffc98b-8551-c8a1-5f3c-27ade9ae735a,ok,0,0,453,14.755,31,210,405,537,292
112,13969.417090697,13969.417933216,,2,GPU-5443d59d-561f-ed1e-da42-1975937205f9,ok,0,0,453,27.364,36,210,405,390,292
112,13969.417090697,13969.417949946,,3,GPU-46bf67bb-cb31-bee1-3cf0-c35337ba97d2,ok,0,0,453,26.416,43,210,405,439,292
112,13969.417090697,13969.417973856,,4,GPU-127e16de-2b5f-dde9-1932-b4e29bb818c0,ok,100,8,1514,230.208,76,930,9501,2050,4492
113,13970.417090697,13970.417764414,,0,GPU-9b96eb67-aeee-89d5-aa85-fc650af4e25c,ok,0,0,453,26.849,34,210,405,390,292
113,13970.417090697,13970.418363594,,1,GPU-37ffc98b-8551-c8a1-5f3c-27ade9ae735a,ok,0,0,453,14.604,31,210,405,537,292
113,13970.417090697,13970.417926394,,2,GPU-5443d59d-561f-ed1e-da42-1975937205f9,ok,0,0,453,27.087,36,210,405,439,292
113,13970.417090697,13970.417956314,,3,GPU-46bf67bb-cb31-bee1-3cf0-c35337ba97d2,ok,0,0,453,26.216,43,210,405,439,292
113,13970.417090697,13970.417992584,,4,GPU-127e16de-2b5f-dde9-1932-b4e29bb818c0,ok,100,8,1514,230.214,76,930,9501,2099,4687
114,13971.417090697,13971.417702562,,0,GPU-9b96eb67-aeee-89d5-aa85-fc650af4e25c,ok,0,0,453,26.952,34,210,405,390,292
114,13971.417090697,13971.417656772,,1,GPU-37ffc98b-8551-c8a1-5f3c-27ade9ae735a,ok,0,0,453,14.603,30,210,405,439,292
114,13971.417090697,13971.418984953,,2,GPU-5443d59d-561f-ed1e-da42-1975937205f9,ok,0,0,453,26.983,36,210,405,439,292
114,13971.417090697,13971.419047083,,3,GPU-46bf67bb-cb31-bee1-3cf0-c35337ba97d2,ok,0,0,453,26.223,43,210,405,390,292
114,13971.417090697,13971.417822332,,4,GPU-127e16de-2b5f-dde9-1932-b4e29bb818c0,ok,100,8,1514,230.114,76,930,9501,2099,4541
115,13972.417090697,13972.4177825,,0,GPU-9b96eb67-aeee-89d5-aa85-fc650af4e25c,ok,0,0,453,27.153,34,210,405,439,292
115,13972.417090697,13972.41804693,,1,GPU-37ffc98b-8551-c8a1-5f3c-27ade9ae735a,ok,0,0,453,14.81,30,210,405,488,292
115,13972.417090697,13972.41808106,,2,GPU-5443d59d-561f-ed1e-da42-1975937205f9,ok,0,0,453,27.061,36,210,405,390,292
115,13972.417090697,13972.41781489,,3,GPU-46bf67bb-cb31-bee1-3cf0-c35337ba97d2,ok,0,0,453,26.432,43,210,405,439,341
115,13972.417090697,13972.41758885,,4,GPU-127e16de-2b5f-dde9-1932-b4e29bb818c0,ok,100,8,1514,229.877,76,930,9501,2050,4589
116,13973.417090697,13973.417740768,,0,GPU-9b96eb67-aeee-89d5-aa85-fc650af4e25c,ok,0,0,453,26.894,34,210,405,439,341
116,13973.417090697,13973.418030568,,1,GPU-37ffc98b-8551-c8a1-5f3c-27ade9ae735a,ok,0,0,453,14.609,30,210,405,537,292
116,13973.417090697,13973.418134388,,2,GPU-5443d59d-561f-ed1e-da42-1975937205f9,ok,0,0,453,26.936,36,210,405,439,292
116,13973.417090697,13973.418073928,,3,GPU-46bf67bb-cb31-bee1-3cf0-c35337ba97d2,ok,0,0,453,26.259,43,210,405,439,341
116,13973.417090697,13973.417546408,,4,GPU-127e16de-2b5f-dde9-1932-b4e29bb818c0,ok,100,8,1514,229.857,76,930,9501,2050,4589
117,13974.417090697,13974.417846646,,0,GPU-9b96eb67-aeee-89d5-aa85-fc650af4e25c,ok,0,0,453,26.759,34,210,405,439,292
117,13974.417090697,13974.418430986,,1,GPU-37ffc98b-8551-c8a1-5f3c-27ade9ae735a,ok,0,0,453,14.541,30,210,405,537,341
117,13974.417090697,13974.417713766,,2,GPU-5443d59d-561f-ed1e-da42-1975937205f9,ok,0,0,453,26.898,36,210,405,439,341
117,13974.417090697,13974.417950796,,3,GPU-46bf67bb-cb31-bee1-3cf0-c35337ba97d2,ok,0,0,453,26.249,43,210,405,439,292
117,13974.417090697,13974.417912976,,4,GPU-127e16de-2b5f-dde9-1932-b4e29bb818c0,ok,100,8,1514,229.763,76,930,9501,2001,4882
118,13975.417090697,13975.417892044,,0,GPU-9b96eb67-aeee-89d5-aa85-fc650af4e25c,ok,0,0,453,26.891,34,210,405,439,292
118,13975.417090697,13975.418408565,,1,GPU-37ffc98b-8551-c8a1-5f3c-27ade9ae735a,ok,0,0,453,14.623,30,210,405,488,341
118,13975.417090697,13975.417704034,,2,GPU-5443d59d-561f-ed1e-da42-1975937205f9,ok,0,0,453,27.055,36,210,405,439,341
118,13975.417090697,13975.417867704,,3,GPU-46bf67bb-cb31-bee1-3cf0-c35337ba97d2,ok,0,0,453,26.474,43,210,405,390,292
118,13975.417090697,13975.418468435,,4,GPU-127e16de-2b5f-dde9-1932-b4e29bb818c0,ok,100,8,1514,230.09,76,930,9501,2050,4736
119,13976.417090697,13976.417908842,,0,GPU-9b96eb67-aeee-89d5-aa85-fc650af4e25c,ok,0,0,453,26.858,34,210,405,390,292
119,13976.417090697,13976.418129162,,1,GPU-37ffc98b-8551-c8a1-5f3c-27ade9ae735a,ok,0,0,453,14.645,30,210,405,537,292
119,13976.417090697,13976.418001012,,2,GPU-5443d59d-561f-ed1e-da42-1975937205f9,ok,0,0,453,27.02,36,210,405,390,292
119,13976.417090697,13976.417963322,,3,GPU-46bf67bb-cb31-bee1-3cf0-c35337ba97d2,ok,0,0,453,26.284,43,210,405,439,292
119,13976.417090697,13976.417706382,,4,GPU-127e16de-2b5f-dde9-1932-b4e29bb818c0,ok,100,8,1514,229.86,77,930,9501,1953,4882
120,13977.417090697,13977.41787017,,0,GPU-9b96eb67-aeee-89d5-aa85-fc650af4e25c,ok,0,0,453,26.932,34,210,405,390,292
120,13977.417090697,13977.41784255,,1,GPU-37ffc98b-8551-c8a1-5f3c-27ade9ae735a,ok,0,0,453,14.531,30,210,405,537,292
120,13977.417090697,13977.41804969,,2,GPU-5443d59d-561f-ed1e-da42-1975937205f9,ok,0,0,453,26.994,36,210,405,390,292
120,13977.417090697,13977.41773888,,3,GPU-46bf67bb-cb31-bee1-3cf0-c35337ba97d2,ok,0,0,453,26.195,43,210,405,439,292
120,13977.417090697,13977.41764717,,4,GPU-127e16de-2b5f-dde9-1932-b4e29bb818c0,ok,100,8,1514,230.629,77,945,9501,1904,4736
121,13978.417090697,13978.418681149,,0,GPU-9b96eb67-aeee-89d5-aa85-fc650af4e25c,ok,0,0,453,27.033,34,210,405,390,341
121,13978.417090697,13978.417832308,,1,GPU-37ffc98b-8551-c8a1-5f3c-27ade9ae735a,ok,0,0,453,14.255,30,210,405,488,292
121,13978.417090697,13978.417712218,,2,GPU-5443d59d-561f-ed1e-da42-1975937205f9,ok,0,0,453,27.113,36,210,405,439,292
121,13978.417090697,13978.418022338,,3,GPU-46bf67bb-cb31-bee1-3cf0-c35337ba97d2,ok,0,0,453,26.057,43,210,405,439,292
121,13978.417090697,13978.417599188,,4,GPU-127e16de-2b5f-dde9-1932-b4e29bb818c0,ok,100,8,1514,230.151,76,930,9501,1953,4687
122,13979.417090697,13979.417996186,,0,GPU-9b96eb67-aeee-89d5-aa85-fc650af4e25c,ok,0,0,453,26.99,34,210,405,439,341
122,13979.417090697,13979.418028936,,1,GPU-37ffc98b-8551-c8a1-5f3c-27ade9ae735a,ok,0,0,453,14.378,30,210,405,488,292
122,13979.417090697,13979.417792846,,2,GPU-5443d59d-561f-ed1e-da42-1975937205f9,ok,0,0,453,26.971,36,210,405,439,292
122,13979.417090697,13979.417863696,,3,GPU-46bf67bb-cb31-bee1-3cf0-c35337ba97d2,ok,0,0,453,26.151,43,210,405,390,292
122,13979.417090697,13979.418064307,,4,GPU-127e16de-2b5f-dde9-1932-b4e29bb818c0,ok,100,8,1514,229.546,77,930,9501,2050,4589
123,13980.417090697,13980.418255575,,0,GPU-9b96eb67-aeee-89d5-aa85-fc650af4e25c,ok,0,0,450,26.993,34,210,405,488,488
123,13980.417090697,13980.418047785,,1,GPU-37ffc98b-8551-c8a1-5f3c-27ade9ae735a,ok,0,0,453,14.605,30,210,405,9716,2929
123,13980.417090697,13980.418209755,,2,GPU-5443d59d-561f-ed1e-da42-1975937205f9,ok,0,0,453,26.964,36,210,405,439,6201
123,13980.417090697,13980.417960654,,3,GPU-46bf67bb-cb31-bee1-3cf0-c35337ba97d2,ok,0,0,453,26.278,43,210,405,439,488
123,13980.417090697,13980.418237965,,4,GPU-127e16de-2b5f-dde9-1932-b4e29bb818c0,ok,0,0,1514,207.917,71,1890,9501,488,488
124,13981.417090697,13981.418027003,,0,GPU-9b96eb67-aeee-89d5-aa85-fc650af4e25c,ok,0,0,450,31.405,35,210,405,439,292
124,13981.417090697,13981.419223923,,1,GPU-37ffc98b-8551-c8a1-5f3c-27ade9ae735a,ok,0,0,450,18.395,31,210,405,537,292
124,13981.417090697,13981.417815322,,2,GPU-5443d59d-561f-ed1e-da42-1975937205f9,ok,0,0,450,30.516,36,210,405,439,341
124,13981.417090697,13981.418538113,,3,GPU-46bf67bb-cb31-bee1-3cf0-c35337ba97d2,ok,0,0,450,31.937,44,210,405,439,292
124,13981.417090697,13981.418072673,,4,GPU-127e16de-2b5f-dde9-1932-b4e29bb818c0,ok,0,0,450,153.113,67,1920,9751,439,292
125,13982.417090697,13982.418068961,,0,GPU-9b96eb67-aeee-89d5-aa85-fc650af4e25c,ok,0,0,450,38.357,35,210,405,439,292
125,13982.417090697,13982.417867961,,1,GPU-37ffc98b-8551-c8a1-5f3c-27ade9ae735a,ok,0,0,450,24.593,31,210,405,390,292
125,13982.417090697,13982.418908181,,2,GPU-5443d59d-561f-ed1e-da42-1975937205f9,ok,0,0,450,35.52,36,210,405,390,341
125,13982.417090697,13982.418042381,,3,GPU-46bf67bb-cb31-bee1-3cf0-c35337ba97d2,ok,0,0,450,41.813,44,210,405,439,292
125,13982.417090697,13982.417899111,,4,GPU-127e16de-2b5f-dde9-1932-b4e29bb818c0,ok,0,0,450,151.261,65,1740,9751,439,292
